current_time, x_position, y_position, U_velocity, V_velocity
1615692031.66, 0.0, 0.0, 0.0, 0.0, 6.28315586726
1615692031.68, 0.0, 0.0, 0.0, 0.0, 0.000326156620001
1615692031.7, 0.0, 0.0, 0.0, 0.0, 0.000750579840001
1615692031.72, 0.0, 0.0, 0.0, 0.0, 0.0011240387
1615692031.73, 0.0, 0.0, 0.0, 0.0, 0.0014988184
1615692031.75, 0.0, 0.0, 0.0, 0.0, 0.00191335678
1615692031.77, 0.0, 0.0, 0.0, 0.0, 0.0023126173
1615692031.8, 0.0, 0.0, 0.0, 0.0, 0.0027293396
1615692031.82, 0.0, 0.0, 0.0, 0.0, 0.003145957
1615692031.83, 0.0, 0.0, 0.0, 0.0, 0.00351739884
1615692031.86, 0.0, 0.0, 0.0, 0.0, 0.00392168044
1615692031.87, 0.0, 0.0, 0.0, 0.0, 0.00432205676
1615692031.89, 0.0, 0.0, 0.0, 0.0, 0.00472281932
1615692031.91, 0.0, 0.0, 0.0, 0.0, 0.00509634018
1615692031.93, 0.0, 0.0, 0.0, 0.0, 0.00549713612
1615692031.95, 0.0, 0.0, 0.0, 0.0, 0.00590819836
1615692031.97, 0.0, 0.0, 0.0, 0.0, 0.0063090992
1615692032.0, 0.0, 0.0, 0.0, 0.0, 0.00672894
1615692032.02, 0.0, 0.0, 0.0, 0.0, 0.00712162018
1615692032.03, 0.0, 0.0, 0.0, 0.0, 0.0075031805
1615692032.06, 0.0, 0.0, 0.0, 0.0, 0.00792123794
1615692032.08, 0.0, 0.0, 0.0, 0.0, 0.00832135678
1615692032.09, 0.0, 0.0, 0.0, 0.0, 0.00869909764
1615692032.11, 0.0, 0.0, 0.0, 0.0, 0.00908697604
1615692032.13, 0.0, 0.0, 0.0, 0.0, 0.00948541642
1615692032.15, 0.0, 0.0, 0.0, 0.0, 0.00990437984
1615692032.17, 0.0, 0.0, 0.0, 0.0, 0.01029751778
1615692032.19, 0.0, 0.0, 0.0, 0.0, 0.01068579674
1615692032.21, 0.0, 0.0, 0.0, 0.0, 0.0111033392
1615692032.23, 0.0, 0.0, 0.0, 0.0, 0.0115089798
1615692032.25, 0.0, 0.0, 0.0, 0.0, 0.01190013886
1615692032.27, 0.0, 0.0, 0.0, 0.0, 0.0122851181
1615692032.29, 0.0, 0.0, 0.0, 0.0, 0.0126914978
1615692032.31, 0.0, 0.0, 0.0, 0.0, 0.01308475972
1615692032.33, 0.0, 0.0, 0.0, 0.0, 0.0134836769
1615692032.35, 0.0, 0.0, 0.0, 0.0, 0.01389509678
1615692032.37, 0.0, 0.0, 0.0, 0.0, 0.01429231644
1615692032.39, 0.0, 0.0, 0.0, 0.0, 0.01469015598
1615692032.41, 0.0, 0.0, 0.0, 0.0, 0.0151004982
1615692032.43, 0.0, 0.0, 0.0, 0.0, 0.01551444054
1615692032.45, 0.0, 0.0, 0.0, 0.0, 0.01590054034
1615692032.47, 0.0, 0.0, 0.0, 0.0, 0.0162954998
1615692032.49, 0.0, 0.0, 0.0, 0.0, 0.01669467926
1615692032.51, 0.0, 0.0, 0.0, 0.0, 0.01707927704
1615692032.53, 0.0, 0.0, 0.0, 0.0, 0.01745341778
1615692032.55, 0.0, 0.0, 0.0, 0.0, 0.01787421704
1615692032.57, 0.0, 0.0, 0.0, 0.0, 0.01828059674
1615692032.59, 0.0, 0.0, 0.0, 0.0, 0.01866099834
1615692032.61, 0.0, 0.0, 0.0, 0.0, 0.01909162044
1615692032.63, 0.0, 0.0, 0.0, 0.0, 0.0194922161
1615692032.65, 0.0, 0.0, 0.0, 0.0, 0.0198918581
1615692032.67, 0.0, 0.0, 0.0, 0.0, 0.0203038597
1615692032.69, 0.0, 0.0, 0.0, 0.0, 0.02068629742
1615692032.71, 0.0, 0.0, 0.0, 0.0, 0.02107199668
1615692032.73, 0.0, 0.0, 0.0, 0.0, 0.02144475936
1615692032.75, 0.0, 0.0, 0.0, 0.0, 0.02186403752
1615692032.77, 0.0, 0.0, 0.0, 0.0, 0.02227105618
1615692032.79, 0.0, 0.0, 0.0, 0.0, 0.02265569686
1615692032.81, 0.0, 0.0, 0.0, 0.0, 0.02308049678
1615692032.83, 0.0, 0.0, 0.0, 0.0, 0.02347037792
1615692032.85, 0.0, 0.0, 0.0, 0.0, 0.02388365746
1615692032.87, 0.0, 0.0, 0.0, 0.0, 0.0242697382
1615692032.89, 0.0, 0.0, 0.0, 0.0, 0.02467217922
1615692032.91, 0.0, 0.0, 0.0, 0.0, 0.02507033824
1615692032.93, 0.0, 0.0, 0.0, 0.0, 0.0254329586
1615692032.95, 0.0, 0.0, 0.0, 0.0, 0.02585953712
1615692032.97, 0.0, 0.0, 0.0, 0.0, 0.02625079632
1615692032.99, 0.0, 0.0, 0.0, 0.0, 0.02665627956
1615692033.01, 0.0, 0.0, 0.0, 0.0, 0.02707577706
1615692033.03, 0.0, 0.0, 0.0, 0.0, 0.02747437954
1615692033.05, 0.0, 0.0, 0.0, 0.0, 0.02787819862
1615692033.07, 0.0, 0.0, 0.0, 0.0, 0.02827441692
1615692033.09, 0.0, 0.0, 0.0, 0.0, 0.02864463806
1615692033.11, 0.0, 0.0, 0.0, 0.0, 0.02905461788
1615692033.13, 0.0, 0.0, 0.0, 0.0, 0.02944069862
1615692033.15, 0.0, 0.0, 0.0, 0.0, 0.02984125614
1615692033.17, 0.0, 0.0, 0.0, 0.0, 0.03025353908
1615692033.19, 0.0, 0.0, 0.0, 0.0, 0.03065685748
1615692033.21, 0.0, 0.0, 0.0, 0.0, 0.03106472016
1615692033.23, 0.0, 0.0, 0.0, 0.0, 0.03147323608
1615692033.25, 0.0, 0.0, 0.0, 0.0, 0.03187036038
1615692033.27, 0.0, 0.0, 0.0, 0.0, 0.03226585864
1615692033.29, 0.0, 0.0, 0.0, 0.0, 0.03263739586
1615692033.31, 0.0, 0.0, 0.0, 0.0, 0.03306751728
1615692033.33, 0.0, 0.0, 0.0, 0.0, 0.0334122181
1615692033.35, 0.0, 0.0, 0.0, 0.0, 0.03384179592
1615692033.37, 0.0, 0.0, 0.0, 0.0, 0.03424255848
1615692033.39, 0.0, 0.0, 0.0, 0.0, 0.03462937832
1615692033.41, 0.0, 0.0, 0.0, 0.0, 0.03503435612
1615692033.43, 0.0, 0.0, 0.0, 0.0, 0.0354420805
1615692033.45, 0.0, 0.0, 0.0, 0.0, 0.03583319664
1615692033.47, 0.0, 0.0, 0.0, 0.0, 0.03624775886
1615692033.49, 0.0, 0.0, 0.0, 0.0, 0.0366315794
1615692033.51, 0.0, 0.0, 0.0, 0.0, 0.03705097676
1615692033.53, 0.0, 0.0, 0.0, 0.0, 0.03740609646
1615692033.55, 0.0, 0.0, 0.0, 0.0, 0.03782431602
1615692033.57, 0.0, 0.0, 0.0, 0.0, 0.03802915811
1615692033.59, 0.0, 0.0, 0.0, 0.0, 0.03727112055
1615692033.61, 0.0, 0.0, 0.0, 0.0, 0.03495803593
1615692033.63, 0.0, 0.0, 0.0, 0.0, 0.03198940273
1615692033.65, 0.0, 0.0, 0.0, 0.0, 0.02872955313
1615692033.67, 0.0, 0.0, 0.0, 0.0, 0.02658114192
1615692033.69, 0.0, 0.0, 0.0, 0.0, 0.02578542468
1615692033.71, 0.0, 0.0, 0.0, 0.0, 0.02578542468
1615692033.73, 0.0, 0.0, 0.0, 0.0, 0.02578542468
1615692033.75, 0.0, 0.0, 0.0, 0.0, 0.02600164649
1615692033.77, 0.0, 0.0, 0.0, 0.0, 0.02639704463
1615692033.79, 0.0, 0.0, 0.0, 0.0, 0.02699203727
1615692033.81, 0.0, 0.0, 0.0, 0.0, 0.02740091561
1615692033.83, 0.0, 0.0, 0.0, 0.0, 0.02797856327
1615692033.85, 0.0, 0.0, 0.0, 0.0, 0.02840940473
1615692033.87, 0.0, 0.0, 0.0, 0.0, 0.02878966329
1615692033.89, 0.0, 0.0, 0.0, 0.0, 0.02918232437
1615692033.91, 0.0, 0.0, 0.0, 0.0, 0.02961336609
1615692033.93, 0.0, 0.0, 0.0, 0.0, 0.02995318409
1615692033.95, 0.0, 0.0, 0.0, 0.0, 0.03037450311
1615692033.97, 0.0, 0.0, 0.0, 0.0, 0.03057762382
1615692033.99, 0.0, 0.0, 0.0, 0.0, 0.03077775476
1615692034.01, 0.0, 0.0, 0.0, 0.0, 0.03098126409
1615692034.03, 0.0, 0.0, 0.0, 0.0, 0.03138868329
1615692034.05, 0.0, 0.0, 0.0, 0.0, 0.03177820203
1615692034.07, 0.0, 0.0, 0.0, 0.0, 0.03218674179
1615692034.09, 0.0, 0.0, 0.0, 0.0, 0.03257478233
1615692034.11, 0.0, 0.0, 0.0, 0.0, 0.03301654335
1615692034.13, 0.0, 0.0, 0.0, 0.0, 0.03333720203
1615692034.15, 0.0, 0.0, 0.0, 0.0, 0.03377864357
1615692034.17, 0.0, 0.0, 0.0, 0.0, 0.03414680477
1615692034.19, 0.0, 0.0, 0.0, 0.0, 0.03457644459
1615692034.21, 0.0, 0.0, 0.0, 0.0, 0.03497494217
1615692034.23, 0.0, 0.0, 0.0, 0.0, 0.03534550187
1615692034.25, 0.0, 0.0, 0.0, 0.0, 0.03579456327
1615692034.27, 0.0, 0.0, 0.0, 0.0, 0.03618408199
1615692034.29, 0.0, 0.0, 0.0, 0.0, 0.03657280441
1615692034.31, 0.0, 0.0, 0.0, 0.0, 0.03697772499
1615692034.33, 0.0, 0.0, 0.0, 0.0, 0.0371498346
1615692034.35, 0.0, 0.0, 0.0, 0.0, 0.03693266389
1615692034.37, 0.0, 0.0, 0.0, 0.0, 0.03654648777
1615692034.39, 0.0, 0.0, 0.0, 0.0, 0.03572448729
1615692034.41, 0.0, 0.0, 0.0, 0.0, 0.03434638497
1615692034.43, 0.0, 0.0, 0.0, 0.0, 0.03254539965
1615692034.45, 0.0, 0.0, 0.0, 0.0, 0.02998451704
1615692034.47, 0.0, 0.0, 0.0, 0.0, 0.02683767784
1615692034.49, 0.0, 0.0, 0.0, 0.0, 0.0233095216
1615692034.51, 0.0, 0.0, 0.0, 0.0, 0.01883997432
1615692034.53, 0.0, 0.0, 0.0, 0.0, 0.01442499882
1615692034.55, 0.0, 0.0, 0.0, 0.0, 0.00835846417
1615692034.57, 0.0, 0.0, 0.0, 0.0, 0.00194553602
1615692034.59, 0.0, 0.0, 0.0, 0.0, 6.27868537824
1615692034.61, 0.0, 0.0, 0.0, 0.0, 6.27157499232
1615692034.63, 0.0, 0.0, 0.0, 0.0, 6.26395910664
1615692034.65, 0.0, 0.0, 0.0, 0.0, 6.25558055793
1615692034.67, 0.0, 0.0, 0.0, 0.0, 6.24550011563
1615692034.69, 0.0, 0.0, 0.0, 0.0, 6.23600712683
1615692034.71, 0.0, 0.0, 0.0, 0.0, 6.22614480191
1615692034.73, 0.0, 0.0, 0.0, 0.0, 6.21615475331
1615692034.75, 0.0, 0.0, 0.0, 0.0, 6.20471951187
1615692034.77, 0.0, 0.0, 0.0, 0.0, 6.19280340839
1615692034.79, 0.0, 0.0, 0.0, 0.0, 6.17972581535
1615692034.81, 0.0, 0.0, 0.0, 0.0, 6.16660560737
1615692034.83, 0.0, 0.0, 0.0, 0.0, 6.1530961436
1615692034.85, 0.0, 0.0, 0.0, 0.0, 6.13868836062
1615692034.87, 0.0, 0.0, 0.0, 0.0, 6.12228258318
1615692034.89, 0.0, 0.0, 0.0, 0.0, 6.10604742238
1615692034.91, 0.0, 0.0, 0.0, 0.0, 6.09034422078
1615692034.93, 0.0, 0.0, 0.0, 0.0, 6.07682301693
1615692034.95, 0.0, 0.0, 0.0, 0.0, 6.06059566406
1615692034.97, 0.0, 0.0, 0.0, 0.0, 6.0441988271
1615692034.99, 0.0, 0.0, 0.0, 0.0, 6.02595990582
1615692035.01, 0.0, 0.0, 0.0, 0.0, 6.00880613496
1615692035.03, 0.0, 0.0, 0.0, 0.0, 5.98996651326
1615692035.05, 0.0, 0.0, 0.0, 0.0, 5.9730357045
1615692035.07, 0.0, 0.0, 0.0, 0.0, 5.9535084355
1615692035.09, 0.0, 0.0, 0.0, 0.0, 5.93295586276
1615692035.11, 0.0, 0.0, 0.0, 0.0, 5.91370189376
1615692035.13, 0.0, 0.0, 0.0, 0.0, 5.89526121781
1615692035.15, 0.0, 0.0, 0.0, 0.0, 5.87462558863
1615692035.17, 0.0, 0.0, 0.0, 0.0, 5.85290060478
1615692035.19, 0.0, 0.0, 0.0, 0.0, 5.83313355878
1615692035.21, 0.0, 0.0, 0.0, 0.0, 5.81325064078
1615692035.23, 0.0, 0.0, 0.0, 0.0, 5.79255051302
1615692035.25, 0.0, 0.0, 0.0, 0.0, 5.77350268037
1615692035.27, 0.0, 0.0, 0.0, 0.0, 5.75155020437
1615692035.29, 0.0, 0.0, 0.0, 0.0, 5.73066441639
1615692035.31, 0.0, 0.0, 0.0, 0.0, 5.71083442839
1615692035.33, 0.0, 0.0, 0.0, 0.0, 5.69349178966
1615692035.35, 0.0, 0.0, 0.0, 0.0, 5.67357769654
1615692035.37, 0.0, 0.0, 0.0, 0.0, 5.65423181701
1615692035.39, 0.0, 0.0, 0.0, 0.0, 5.63621552611
1615692035.41, 0.0, 0.0, 0.0, 0.0, 5.61902773738
1615692035.43, 0.0, 0.0, 0.0, 0.0, 5.60184710886
1615692035.45, 0.0, 0.0, 0.0, 0.0, 5.58734324806
1615692035.47, 0.0, 0.0, 0.0, 0.0, 5.57053727056
1615692035.49, 0.0, 0.0, 0.0, 0.0, 5.55623873136
1615692035.51, 0.0, 0.0, 0.0, 0.0, 5.5424266856
1615692035.52, 0.0, 0.0, 0.0, 0.0, 5.53128166608
1615692035.55, 0.0, 0.0, 0.0, 0.0, 5.5185617963
1615692035.57, 0.0, 0.0, 0.0, 0.0, 5.50642692958
1615692035.59, 0.0, 0.0, 0.0, 0.0, 5.49552541863
1615692035.61, 0.0, 0.0, 0.0, 0.0, 5.48473828729
1615692035.63, 0.0, 0.0, 0.0, 0.0, 5.47414739534
1615692035.65, 0.0, 0.0, 0.0, 0.0, 5.46409268314
1615692035.67, 0.0, 0.0, 0.0, 0.0, 5.45287945883
1615692035.69, 0.0, 0.0, 0.0, 0.0, 5.44206751043
1615692035.71, 0.0, 0.0, 0.0, 0.0, 5.43079975043
1615692035.72, 0.0, 0.0, 0.0, 0.0, 5.41999649198
1615692035.74, 0.0, 0.0, 0.0, 0.0, 5.40900652054
1615692035.77, 0.0, 0.0, 0.0, 0.0, 5.3971871583
1615692035.79, 0.0, 0.0, 0.0, 0.0, 5.38605833206
1615692035.8, 0.0, 0.0, 0.0, 0.0, 5.37556179694
1615692035.83, 0.0, 0.0, 0.0, 0.0, 5.36461203722
1615692035.84, 0.0, 0.0, 0.0, 0.0, 5.35494723454
1615692035.87, 0.0, 0.0, 0.0, 0.0, 5.34446416768
1615692035.89, 0.0, 0.0, 0.0, 0.0, 5.33468769468
1615692035.91, 0.0, 0.0, 0.0, 0.0, 5.32335897595
1615692035.92, 0.0, 0.0, 0.0, 0.0, 5.31371697105
1615692035.94, 0.0, 0.0, 0.0, 0.0, 5.30212944162
1615692035.96, 0.0, 0.0, 0.0, 0.0, 5.29047378453
1615692035.99, 0.0, 0.0, 0.0, 0.0, 5.27551219371
1615692036.01, 0.0, 0.0, 0.0, 0.0, 5.26186389331
1615692036.03, 0.0, 0.0, 0.0, 0.0, 5.24794718631
1615692036.05, 0.0, 0.0, 0.0, 0.0, 5.23268107363
1615692036.07, 0.0, 0.0, 0.0, 0.0, 5.21707955788
1615692036.09, 0.0, 0.0, 0.0, 0.0, 5.20284382288
1615692036.11, 0.0, 0.0, 0.0, 0.0, 5.18761792588
1615692036.12, 0.0, 0.0, 0.0, 0.0, 5.17455771324
1615692036.14, 0.0, 0.0, 0.0, 0.0, 5.16015120444
1615692036.17, 0.0, 0.0, 0.0, 0.0, 5.14486046724
1615692036.18, 0.0, 0.0, 0.0, 0.0, 5.1304860294
1615692036.2, 0.0, 0.0, 0.0, 0.0, 5.11550259247
1615692036.23, 0.0, 0.0, 0.0, 0.0, 5.09771844559
1615692036.25, 0.0, 0.0, 0.0, 0.0, 5.08059443654
1615692036.26, 0.0, 0.0, 0.0, 0.0, 5.0648493683
1615692036.28, 0.0, 0.0, 0.0, 0.0, 5.0463013565
1615692036.3, 0.0, 0.0, 0.0, 0.0, 5.02803932362
1615692036.32, 0.0, 0.0, 0.0, 0.0, 5.01044288755
1615692036.34, 0.0, 0.0, 0.0, 0.0, 4.99110454753
1615692036.36, 0.0, 0.0, 0.0, 0.0, 4.97236933421
1615692036.38, 0.0, 0.0, 0.0, 0.0, 4.95289823681
1615692036.4, 0.0, 0.0, 0.0, 0.0, 4.93370574139
1615692036.43, 0.0, 0.0, 0.0, 0.0, 4.91247575939
1615692036.44, 0.000194266486768, -3.59081809322e-05, 0.0, -0.0114129602178, 4.89516585539
1615692036.46, 0.000194266486768, -3.59081809322e-05, 0.0, 0.0, 4.87288492339
1615692036.48, 0.000194266486768, -3.59081809322e-05, 0.0, 0.0, 4.85413520995
1615692036.5, 0.000194266486768, -3.59081809322e-05, 0.0, 0.0, 4.83402899851
1615692036.52, 0.000194266486768, -3.59081809322e-05, 0.0, 0.0, 4.81370405795
1615692036.55, 0.000194266486768, -3.59081809322e-05, 0.0, 0.0, 4.79013659585
1615692036.56, 0.000194266486768, -3.59081809322e-05, 0.0, 0.0, 4.76985494765
1615692036.58, 0.000194266486768, -3.59081809322e-05, 0.0, 0.0, 4.74660474893
1615692036.61, 0.000194266486768, -3.59081809322e-05, 0.0, 0.0, 4.72351823933
1615692036.62, 0.000194266486768, -3.59081809322e-05, 0.0, 0.0, 4.70272937893
1615692036.64, 0.000194266486768, -3.59081809322e-05, 0.0, 0.0, 4.67973936683
1615692036.67, 0.000194266486768, -3.59081809322e-05, 0.0, 0.0, 4.65763949039
1615692036.68, 0.000194266486768, -3.59081809322e-05, 0.0, 0.0, 4.63881722164
1615692036.71, 0.000194266486768, -3.59081809322e-05, 0.0, 0.0, 4.61214513249
1615692036.72, 0.000194266486768, -3.59081809322e-05, 0.0, 0.0, 4.59178779059
1615692036.74, 0.000194266486768, -3.59081809322e-05, 0.0, 0.0, 4.56475219211
1615692036.76, 0.000194266486768, -3.59081809322e-05, 0.0, 0.0, 4.54058287581
1615692036.78, 0.000194266486768, -3.59081809322e-05, 0.0, 0.0, 4.51658883441
1615692036.8, 0.000194266486768, -3.59081809322e-05, 0.0, 0.0, 4.49357514826
1615692036.82, 0.000194266486768, -3.59081809322e-05, 0.0, 0.0, 4.47056512702
1615692036.84, 0.000194266486768, -3.59081809322e-05, 0.0, 0.0, 4.44478254202
1615692036.86, 0.000194266486768, -3.59081809322e-05, 0.0, 0.0, 4.41915296506
1615692036.88, 0.000194266486768, -3.59081809322e-05, 0.0, 0.0, 4.3923869434
1615692036.9, 0.000372261808407, 2.7690778277e-05, 0.0, -0.0106063367368, 4.3692195485
1615692036.92, 0.000372261808407, 2.7690778277e-05, 0.0, 0.0, 4.3436758108
1615692036.94, 0.000598732969597, 0.000122261873996, 0.0, -0.0118779907421, 4.3168151198
1615692036.96, 0.00078725219292, 0.000206584454619, 0.0, -0.0103988143056, 4.2917917844
1615692036.98, 0.00127375422205, 0.000439339182371, 0.0, -0.0258699714006, 4.26614987231
1615692037.0, 0.00170360592064, 0.00065772126466, 0.0, -0.0248964046046, 4.24232966156
1615692037.02, 0.00229187481582, 0.000976029681576, 0.0, -0.0330302422695, 4.2164095566
1615692037.04, 0.00284722619785, 0.00129693914167, 0.0, -0.0304735998607, 4.18841594137
1615692037.06, 0.00351779255478, 0.00170865394547, 0.0, -0.0401359893028, 4.16175292377
1615692037.08, 0.00413964133787, 0.00211357991298, 0.0, -0.0374420777944, 4.13519543563
1615692037.1, 0.00491018169749, 0.00264342820512, 0.0, -0.049386512921, 4.11001193218
1615692037.12, 0.00560820360983, 0.003150696088, 0.0, -0.0450329735645, 4.08395299122
1615692037.14, 0.0066151859611, 0.0039270253782, 0.0, -0.062371069004, 4.05561647763
1615692037.16, 0.00750088476004, 0.00465111002543, 0.0, -0.0552662857791, 4.02705050799
1615692037.18, 0.00859349551685, 0.00559734264339, 0.0, -0.0702635382987, 3.99866253765
1615692037.2, 0.00955165802788, 0.00647097338862, 0.0, -0.0695067039588, 3.97310510271
1615692037.22, 0.0106355163153, 0.00751353794114, 0.0, -0.0799900843708, 3.94640771963
1615692037.24, 0.0118244309872, 0.00873301181496, 0.0, -0.0742683192523, 3.91430284683
1615692037.26, 0.0129839541927, 0.00999069802438, 0.0, -0.0882914795097, 3.88640306571
1615692037.28, 0.0140319629019, 0.0111905616155, 0.0, -0.0836146574033, 3.85953836109
1615692037.3, 0.0152102504266, 0.0126147707817, 0.0, -0.0953150056456, 3.83277606663
1615692037.32, 0.0163841097722, 0.0141136692839, 0.0, -0.0973131565189, 3.80597317839
1615692037.34, 0.017524567205, 0.0160185565237, 0.0103420887081, -0.107304700119, 3.77714007479
1615692037.36, 0.0187570116543, 0.0177878195172, 0.0, -0.112914459068, 3.75002390105
1615692037.38, 0.0201214025618, 0.0198853426559, 0.0, -0.116747377251, 3.71830324309
1615692037.4, 0.0213505156984, 0.021898539173, 0.0, -0.12294694659, 3.68971749475
1615692037.42, 0.0226597468036, 0.0241989511458, 0.0, -0.124958641185, 3.65900350775
1615692037.44, 0.023864136435, 0.0264527920204, 0.0, -0.132351538581, 3.63235834217
1615692037.46, 0.025149721687, 0.0290367249322, 0.0, -0.136885782403, 3.60326265539
1615692037.48, 0.0263261167161, 0.0315682863625, 0.0, -0.147606332331, 3.57659662682
1615692037.5, 0.0274716223267, 0.0342266305565, 0.0, -0.150191449154, 3.54845798404
1615692037.52, 0.0285580541068, 0.0369563113705, 0.0, -0.153811567541, 3.52037965516
1615692037.54, 0.0296801219598, 0.040048992266, 0.0, -0.158383590853, 3.48963712328
1615692037.56, 0.0307310025652, 0.0432407130061, 0.0, -0.167051932493, 3.45966556915
1615692037.58, 0.0317407904514, 0.0466557286922, 0.0, -0.171219463786, 3.42909115528
1615692037.6, 0.0325870047797, 0.049839628909, 0.0, -0.175862392317, 3.40136627828
1615692037.62, 0.0334810728176, 0.0536821324933, 0.0, -0.187365104508, 3.37020349152
1615692037.64, 0.0341204423789, 0.0567808612858, 0.0, -0.186314229376, 3.34507001608
1615692037.66, 0.0347992626266, 0.0606503351362, 0.0, -0.196330145774, 3.31525512353
1615692037.68, 0.0354010163024, 0.0648720823959, 0.0, -0.203387044866, 3.28317560282
1615692037.7, 0.0356467028081, 0.0691363043331, 0.010854216652, -0.207222784209, 3.2514764461
1615692037.72, 0.0357639150455, 0.0728628306045, 0.0109924591186, -0.214065151989, 3.2243417047
1615692037.74, 0.0354997005494, 0.078032922965, 0.0212690291066, -0.217745688904, 3.18790208456
1615692037.76, 0.0350105247014, 0.0825847176311, 0.028424286759, -0.229422681145, 3.15780145312
1615692037.78, 0.0341750865958, 0.0872917276012, 0.037918546874, -0.233547947649, 3.12688813666
1615692037.8, 0.0332407986873, 0.0916631403757, 0.0422307261681, -0.248688232101, 3.09924310054
1615692037.82, 0.0319585504058, 0.0964388195999, 0.0450084667284, -0.237791655707, 3.06634758859
1615692037.84, 0.0304023412194, 0.101152497684, 0.0542408163648, -0.251332657578, 3.03526501875
1615692037.86, 0.0281245388041, 0.10660987652, 0.0629116244481, -0.243478037972, 2.99905047115
1615692037.88, 0.0264490986747, 0.110333735494, 0.0658990180601, -0.251397079257, 2.97516819619
1615692037.9, 0.0234434157814, 0.115889594403, 0.0761617750433, -0.253378088206, 2.93768444933
1615692037.92, 0.0209393337107, 0.120029107939, 0.0833328252685, -0.259122161045, 2.90871265818
1615692037.94, 0.0178085047904, 0.12492923725, 0.0834604116879, -0.268172446389, 2.87475804734
1615692037.96, 0.014327022646, 0.129177835817, 0.102344469551, -0.251768380844, 2.84120781888
1615692037.98, 0.0105459942355, 0.133590699984, 0.105655429824, -0.267671453568, 2.80909965144
1615692038.0, 0.00676098103588, 0.13758560221, 0.110684954125, -0.264731583868, 2.77918024764
1615692038.02, 0.00209744792801, 0.142053972371, 0.119781722051, -0.274717511325, 2.74599187088
1615692038.04, -0.00257835583519, 0.145985751747, 0.130816978366, -0.274396264812, 2.71484149298
1615692038.06, -0.00644635682366, 0.149035570079, 0.134315387145, -0.27715990932, 2.68973229772
1615692038.08, -0.0118118649557, 0.152785824705, 0.143844123178, -0.278639296988, 2.65737460467
1615692038.1, -0.0171047185344, 0.156136381498, 0.148213613313, -0.277370398452, 2.62590271423
1615692038.12, -0.0223654117071, 0.159116298738, 0.159983447906, -0.285765114486, 2.59654936171
1615692038.14, -0.0291827341469, 0.162415624107, 0.168079818224, -0.2805174239, 2.56134619211
1615692038.16, -0.034686340144, 0.164927175034, 0.171491392228, -0.289870417541, 2.53314588508
1615692038.18, -0.0406297698622, 0.167076796424, 0.183465979549, -0.27674335559, 2.50326115017
1615692038.2, -0.0476035531467, 0.169235417555, 0.194901586481, -0.286041024305, 2.46909375609
1615692038.22, -0.0543711839997, 0.170983838403, 0.200774054653, -0.286001157351, 2.43568861082
1615692038.24, -0.0613261645531, 0.172410817089, 0.209513879259, -0.287939343296, 2.40219278426
1615692038.26, -0.0683317571173, 0.173508728527, 0.218056284707, -0.290598803985, 2.36998825256
1615692038.28, -0.0753665939725, 0.174217829115, 0.227176547003, -0.287882503155, 2.33933274251
1615692038.3, -0.0830388533937, 0.174786887335, 0.227711705177, -0.292735741646, 2.30593514884
1615692038.32, -0.0911675643835, 0.174921114976, 0.239788696958, -0.294774212695, 2.27020555228
1615692038.34, -0.0979923206446, 0.174822049991, 0.242790322014, -0.297746394019, 2.24035867396
1615692038.36, -0.105628697149, 0.174291117435, 0.246866279052, -0.290009430049, 2.20659208012
1615692038.38, -0.114179157485, 0.173319963297, 0.253271977144, -0.293451543817, 2.16974029758
1615692038.4, -0.12234316606, 0.171945880696, 0.265352777943, -0.29489406629, 2.13676725072
1615692038.42, -0.129115727632, 0.170548731419, 0.269520924359, -0.293782629919, 2.1097091256
1615692038.44, -0.137195639852, 0.168616377168, 0.274717277138, -0.300382506253, 2.07685046333
1615692038.46, -0.146003049377, 0.16595208589, 0.281083512718, -0.294004510299, 2.03997642729
1615692038.48, -0.153914981201, 0.16307772838, 0.285874970838, -0.286579508332, 2.00649515226
1615692038.5, -0.161366904116, 0.159971398311, 0.294206946959, -0.286428945757, 1.97464248384
1615692038.52, -0.167976079876, 0.156917743697, 0.301222255328, -0.286822878041, 1.94786139903
1615692038.54, -0.174524129153, 0.153639316092, 0.304496988032, -0.286787353106, 1.92195127879
1615692038.56, -0.181912340283, 0.149459134921, 0.309635443484, -0.279819589399, 1.89184777687
1615692038.58, -0.189279727287, 0.144890299538, 0.314219059701, -0.278497223926, 1.86129049659
1615692038.6, -0.196467268338, 0.139884252469, 0.325344561741, -0.275232181971, 1.83107602104
1615692038.62, -0.203230645488, 0.134730856463, 0.326427757186, -0.268845002726, 1.80151868547
1615692038.64, -0.210525906872, 0.128481597778, 0.334808016876, -0.263101436089, 1.76722911491
1615692038.66, -0.215418079085, 0.124000355857, 0.341157586432, -0.262783718277, 1.74365773295
1615692038.68, -0.222069974116, 0.117067567492, 0.344985001186, -0.248817912107, 1.71067923251
1615692038.7, -0.227525052085, 0.110908515587, 0.350653285138, -0.246546114551, 1.68284809491
1615692038.72, -0.233170825811, 0.103916765564, 0.356572961622, -0.242827046734, 1.65222636615
1615692038.74, -0.237892850863, 0.0975687372987, 0.36317323707, -0.240734200383, 1.62498942765
1615692038.76, -0.242647310113, 0.0904610096749, 0.366651052102, -0.232686817975, 1.59486075333
1615692038.78, -0.247262894565, 0.0828424700039, 0.370764080705, -0.228203155043, 1.56376135725
1615692038.8, -0.251409077524, 0.0752174235278, 0.375237958375, -0.221851021828, 1.53489067985
1615692038.82, -0.255321147424, 0.0670203038486, 0.383924678871, -0.214798076336, 1.50598614545
1615692038.84, -0.258787270759, 0.0589296085198, 0.38735659339, -0.210565501871, 1.47763729527
1615692038.86, -0.262304227078, 0.0498717325971, 0.389144867318, -0.21080071974, 1.44470477427
1615692038.88, -0.265113001893, 0.0410090231467, 0.397593185851, -0.19945776912, 1.41272629935
1615692038.9, -0.26706719485, 0.0341343478886, 0.399011608015, -0.197247646018, 1.38864077685
1615692038.92, -0.269028941641, 0.0245949253274, 0.401390733872, -0.178294658211, 1.35560133805
1615692038.94, -0.2705779326, 0.0157375695743, 0.407346939967, -0.181021664292, 1.32574695565
1615692038.96, -0.271615774197, 0.00702666314821, 0.409936448118, -0.169612194929, 1.2970747122
1615692038.98, -0.272423561711, -0.00264511484679, 0.416880766287, -0.170633098192, 1.2656173697
1615692039.0, -0.272690588093, -0.0108644577846, 0.420836034313, -0.160740821363, 1.23841742715
1615692039.02, -0.272634742274, -0.0192778100762, 0.421624448836, -0.15573255079, 1.21033899015
1615692039.04, -0.272096920584, -0.0282241270053, 0.42548105093, -0.145787435995, 1.1806477229
1615692039.06, -0.271288638199, -0.0369957236814, 0.42997865368, -0.145549772344, 1.1525106353
1615692039.08, -0.269890120329, -0.0461747158381, 0.430994883556, -0.131887092469, 1.12264051785
1615692039.1, -0.268313690986, -0.054666352592, 0.433805906708, -0.130603925174, 1.09480715231
1615692039.12, -0.266150102129, -0.0639043413438, 0.436534656854, -0.123561701274, 1.06490138499
1615692039.13, -0.264052602835, -0.0715708867725, 0.437513187642, -0.118143676777, 1.03999630887
1615692039.16, -0.260650947957, -0.0816684901324, 0.444869473733, -0.108678570468, 1.00625911392
1615692039.18, -0.257741786177, -0.0893909064094, 0.443028553358, -0.104076628213, 0.97978469594
1615692039.2, -0.253369595108, -0.0991650116219, 0.444397020086, -0.0927538369359, 0.94440564344
1615692039.22, -0.249529187163, -0.106914338859, 0.446092664219, -0.0882859493666, 0.91530674327
1615692039.23, -0.245753873862, -0.11365713907, 0.448707316072, -0.0768799442797, 0.89069310057
1615692039.26, -0.240683632481, -0.12199485082, 0.447071163679, -0.0740324341851, 0.86033020851
1615692039.28, -0.235003895997, -0.130491082013, 0.448355924451, -0.0687084724816, 0.82946269467
1615692039.3, -0.230490649679, -0.136704981148, 0.453896437046, -0.062482683355, 0.80582824788
1615692039.32, -0.224891437909, -0.143744496039, 0.449166787034, -0.0550087057334, 0.77700666168
1615692039.34, -0.218990249761, -0.150513758228, 0.450678958902, -0.0484571424954, 0.74669413644
1615692039.39, -0.212695071233, -0.156974392844, 0.449303311539, -0.0364237655576, 0.71747815236
1615692039.4, -0.206262248534, -0.163174761276, 0.447302013807, -0.0347808184525, 0.68939920086
1615692039.4, -0.199514143666, -0.169112125427, 0.450472855081, -0.0267277709424, 0.66231076846
1615692039.42, -0.192563368074, -0.174809095059, 0.446169110909, -0.023148439867, 0.63475205122
1615692039.44, -0.185216229174, -0.18024217195, 0.450939577051, -0.0139596340108, 0.60578863817
1615692039.46, -0.177592140167, -0.185195377903, 0.444781743771, 0.0, 0.57614910697
1615692039.47, -0.17022561773, -0.18942487061, 0.445309149875, 0.0122471035018, 0.54869118409
1615692039.5, -0.162233244353, -0.193726458974, 0.440568655415, 0.0113246223901, 0.51944651697
1615692039.51, -0.154830748577, -0.197189461879, 0.442329567608, 0.0247368442099, 0.49343602137
1615692039.53, -0.147221093888, -0.200476041988, 0.438008176131, 0.0257510076001, 0.46642073021
1615692039.55, -0.138404576141, -0.203712541865, 0.439000565039, 0.0370132970854, 0.43593604884
1615692039.57, -0.130248478037, -0.206375942924, 0.433230320308, 0.0399270148991, 0.4075377642
1615692039.59, -0.121766441134, -0.208634539829, 0.433771724923, 0.0519376118439, 0.3794089502
1615692039.61, -0.113199286625, -0.210571608524, 0.429379479979, 0.0555429687957, 0.3510070984
1615692039.64, -0.102901758863, -0.211972208963, 0.432325812513, 0.0798901339331, 0.3179138844
1615692039.65, -0.0957277213045, -0.212718276562, 0.429003788997, 0.0826628773156, 0.2939757532
1615692039.68, -0.0866941240208, -0.213062600441, 0.424610829117, 0.0975363555072, 0.2638881865
1615692039.69, -0.0783331392205, -0.213284784978, 0.416890431046, 0.0889632351777, 0.2368113514
1615692039.71, -0.0699324689064, -0.2127975347, 0.414424986876, 0.114120857781, 0.21077517431
1615692039.73, -0.0612990771363, -0.212413157538, 0.41296918003, 0.0958022928744, 0.18345923813
1615692039.75, -0.0531612714832, -0.211636773475, 0.402022856846, 0.10376172505, 0.15746996273
1615692039.78, -0.0437502091695, -0.210190537884, 0.406293257095, 0.116929647121, 0.12774221765
1615692039.79, -0.0364140309831, -0.208869593629, 0.402083702496, 0.11627143274, 0.10334367941
1615692039.81, -0.0286208315074, -0.206914285616, 0.394010534401, 0.131740807587, 0.0768481534096
1615692039.83, -0.0207130999066, -0.204734100013, 0.392625651814, 0.129801526747, 0.0502676614896
1615692039.85, -0.0130136449834, -0.202117226262, 0.387416551603, 0.142684502396, 0.0252525349896
1615692039.87, -0.00498445009211, -0.199043430832, 0.381872672467, 0.145643081494, 6.28193259557
1615692039.89, 0.00215524598375, -0.196033053193, 0.378731653991, 0.147784818574, 6.25620270122
1615692039.92, 0.0100356279635, -0.192074689822, 0.374718308804, 0.161996014059, 6.22574399966
1615692039.93, 0.0165872573143, -0.188430024291, 0.367315433622, 0.165296524748, 6.19838309399
1615692039.95, 0.0230986731539, -0.184602960831, 0.364798886669, 0.162782634696, 6.17153505317
1615692039.97, 0.029525507935, -0.180181646684, 0.353376587977, 0.176531508135, 6.14388789237
1615692039.99, 0.0359627101479, -0.175522761239, 0.351626930493, 0.173966830467, 6.11613842044
1615692040.01, 0.0421139508625, -0.170467689594, 0.345094562463, 0.185126174666, 6.08767515204
1615692040.03, 0.0475469051514, -0.165716069992, 0.338025674867, 0.183099695216, 6.06101467192
1615692040.06, 0.0542208008629, -0.158979001334, 0.328439601889, 0.193370074955, 6.02518585336
1615692040.07, 0.0584225373156, -0.154461528896, 0.325163144631, 0.194984321853, 6.001754074
1615692040.09, 0.0633200004618, -0.148541784328, 0.316003015261, 0.202151145078, 5.97267123718
1615692040.11, 0.0678521205728, -0.142562819985, 0.308656200613, 0.20357594111, 5.94406080028
1615692040.13, 0.0721509425567, -0.136311089705, 0.300607486093, 0.205625464814, 5.91468792985
1615692040.15, 0.07575741035, -0.130598237726, 0.296003987134, 0.208147297219, 5.88836311423
1615692040.17, 0.0792084311017, -0.124436134048, 0.285669713358, 0.211829152271, 5.86095758935
1615692040.19, 0.0824020487511, -0.117973386844, 0.281666732702, 0.219483551437, 5.83330022937
1615692040.21, 0.0851312844444, -0.111847734092, 0.272235662604, 0.218009709858, 5.80676561421
1615692040.24, 0.0880801808773, -0.104228377687, 0.26642423271, 0.220917755206, 5.77395318803
1615692040.25, 0.0899885949105, -0.0986174991233, 0.258364223533, 0.221617136753, 5.74922957655
1615692040.27, 0.091819875412, -0.0922845645224, 0.253162594125, 0.22544132094, 5.72142024071
1615692040.29, 0.0933139188784, -0.0858380513875, 0.240761261602, 0.225559240603, 5.69293799999
1615692040.31, 0.0944700542004, -0.0793887086121, 0.234305743875, 0.229860207288, 5.66558995998
1615692040.33, 0.0952510108029, -0.0737260998146, 0.227629256078, 0.231148344988, 5.64250764732
1615692040.35, 0.0959063516334, -0.0660434702277, 0.221486179848, 0.234392366444, 5.61118579884
1615692040.37, 0.0962348541667, -0.059728278587, 0.212124526301, 0.227040937251, 5.58371043009
1615692040.39, 0.0962119339064, -0.0543044929161, 0.206533438336, 0.235560809793, 5.55912596583
1615692040.41, 0.0960102455801, -0.0484944940008, 0.197775966876, 0.226966492042, 5.53170441399
1615692040.43, 0.0952059478393, -0.0420102247093, 0.187162444472, 0.242174427724, 5.50181721539
1615692040.46, 0.0940667009074, -0.035120009746, 0.177908090901, 0.23436076047, 5.47001225241
1615692040.47, 0.0930165358873, -0.0301301456425, 0.174122267109, 0.239942132071, 5.44799626137
1615692040.49, 0.0918298389641, -0.0251832968864, 0.167944589458, 0.234080884961, 5.42539402777
1615692040.51, 0.0901585830566, -0.0196161437623, 0.158737998662, 0.235461325677, 5.39837501377
1615692040.53, 0.0883181190693, -0.0141757705315, 0.152603383155, 0.229321913238, 5.36981059186
1615692040.55, 0.086347047639, -0.00927878974718, 0.14554788451, 0.233720716918, 5.34354468882
1615692040.57, 0.0841392842475, -0.0045206770985, 0.136378783885, 0.231842404138, 5.31702336826
1615692040.59, 0.0815854183189, 0.000326731007112, 0.131135553081, 0.235253586082, 5.28976398008
1615692040.61, 0.0790579160854, 0.00465380409524, 0.122505139821, 0.22957096917, 5.26434339104
1615692040.63, 0.0760541281351, 0.00919909079946, 0.114659152865, 0.230018577166, 5.23678594684
1615692040.65, 0.0729759879205, 0.0134566568413, 0.108204727308, 0.225040779347, 5.20901319568
1615692040.67, 0.0699746907388, 0.017122185269, 0.100102159087, 0.227962549076, 5.18332514323
1615692040.69, 0.0664430754159, 0.0210184425768, 0.0919441641187, 0.222023922148, 5.15422105647
1615692040.71, 0.063133150299, 0.0243090266289, 0.0853843085679, 0.222591646968, 5.1285751511
1615692040.73, 0.0598236294578, 0.0272811906146, 0.0777823960156, 0.219336985201, 5.10334464866
1615692040.75, 0.0561380098962, 0.0302124378935, 0.0692854044205, 0.216673766459, 5.07477703406
1615692040.77, 0.0523387513671, 0.03287077923, 0.0617989315516, 0.217679576413, 5.04629337785
1615692040.79, 0.0486376493084, 0.0352413478977, 0.0584628641838, 0.217583459858, 5.01956724934
1615692040.81, 0.0454373058028, 0.0370772241513, 0.051216440827, 0.213278638365, 4.99753185986
1615692040.83, 0.0414462229963, 0.039043295323, 0.0425849039413, 0.210882283228, 4.97085472436
1615692040.85, 0.0375328001291, 0.040826568218, 0.0412819595219, 0.207555133142, 4.94362313046
1615692040.88, 0.033113650111, 0.0425303647766, 0.0325657832659, 0.191146742558, 4.91162509273
1615692040.89, 0.0303202406384, 0.0434266078371, 0.0259919236812, 0.197827635979, 4.89221708653
1615692040.91, 0.0267666242262, 0.0443501322372, 0.0186604434824, 0.183104299678, 4.86508650093
1615692040.93, 0.022524839586, 0.0451359036937, 0.0118275791125, 0.195490713538, 4.83512975917
1615692040.95, 0.0192949387239, 0.0457116175937, 0.0135992212428, 0.174926535499, 4.81119512877
1615692040.97, 0.0157974982259, 0.0459782256859, 0.0, 0.180598164172, 4.78847132442
1615692040.99, 0.0120025114561, 0.0461568348323, 0.0, 0.166077265861, 4.75941877394
1615692041.01, 0.00928689704085, 0.0462236529734, 0.0, 0.165919993511, 4.73698918189
1615692041.03, 0.00591663715797, 0.0462071241699, 0.0, 0.156495304902, 4.70748470845
1615692041.05, 0.00264223675875, 0.0460976868008, 0.0, 0.156309710109, 4.67897930701
1615692041.07, -0.000300095786568, 0.0459221801017, 0.0, 0.154313398021, 4.6528107411
1615692041.09, -0.00333971001646, 0.0456540028402, 0.0, 0.15245672925, 4.62438943968
1615692041.11, -0.00649816161015, 0.0452771490216, 0.0, 0.14479564387, 4.59363439648
1615692041.13, -0.00891081641403, 0.044929074236, 0.0, 0.136157163199, 4.56910716318
1615692041.15, -0.0118455182031, 0.0444163798454, 0.0, 0.141561112732, 4.53943375689
1615692041.17, -0.014066947879, 0.0437398878239, -0.0124465799792, 0.127918290033, 4.51377709039
1615692041.19, -0.016567571058, 0.0429106807282, -0.012344701042, 0.132747483003, 4.48492625231
1615692041.21, -0.01886079661, 0.041865551982, -0.0195563358429, 0.114771530183, 4.45353952041
1615692041.23, -0.0208538020729, 0.0408704874649, -0.0209653820602, 0.117044331345, 4.42656259065
1615692041.25, -0.0226540452718, 0.0396403566728, -0.0290885995259, 0.0997270405603, 4.39675829443
1615692041.27, -0.0244573254227, 0.0382874556243, -0.0302460073978, 0.0983896779582, 4.36697275627
1615692041.29, -0.0255940985933, 0.037324689336, -0.0324712307178, 0.092730683908, 4.34650406842
1615692041.31, -0.0269972001982, 0.0358319802775, -0.0384496773064, 0.0860457401933, 4.3162895022
1615692041.33, -0.0281858264533, 0.0344593243833, -0.0382038323526, 0.0826653738252, 4.28817558834
1615692041.35, -0.0291421610035, 0.0330311749071, -0.0433276793817, 0.074296734148, 4.25959845833
1615692041.37, -0.0298499647759, 0.0316107928684, -0.0478712531544, 0.0660571823206, 4.2310024763
1615692041.39, -0.0306037603854, 0.030007789004, -0.0452647590319, 0.0639808649478, 4.19687369337
1615692041.41, -0.0309436890349, 0.0287248390792, -0.0520314011692, 0.0536596437474, 4.17059342513
1615692041.43, -0.0312088234671, 0.0273821525726, -0.0531272112168, 0.0508735612302, 4.14361445543
1615692041.45, -0.0313098998675, 0.0257713712438, -0.0535157349543, 0.0420161703573, 4.10945624423
1615692041.47, -0.0311719494018, 0.0247304248381, -0.0540719302257, 0.0292317961165, 4.08502765433
1615692041.49, -0.0309931401695, 0.0234367129825, -0.05732560007, 0.0327684468275, 4.05575478317
1615692041.51, -0.0303106146988, 0.0222497976208, -0.0608389196858, 0.0103489656138, 4.02203200237
1615692041.53, -0.0298312070494, 0.0213432807713, -0.0613830682478, 0.0142734551116, 3.99746117818
1615692041.55, -0.0289064353349, 0.0203418852578, -0.0643573509811, 0.0, 3.96675030288
1615692041.57, -0.0279799096493, 0.0194003983434, -0.0599088274634, 0.0, 3.93499981488
1615692041.59, -0.0268085259434, 0.0187734811417, -0.0618953803036, -0.0172509894769, 3.90481126348
1615692041.61, -0.025674024099, 0.0182057474458, -0.0604075246218, -0.0166043888607, 3.87382863802
1615692041.63, -0.0245180505924, 0.0178897320161, -0.0604472566021, -0.0282495559546, 3.84563020243
1615692041.65, -0.0230437867387, 0.0176954073377, -0.0629340097357, -0.0378791572425, 3.81445425609
1615692041.67, -0.0217630799926, 0.0175920881892, -0.0605124722, -0.0384010151124, 3.78756242859
1615692041.69, -0.019980559529, 0.0177982370702, -0.0617631241025, -0.0550918726187, 3.75482401138
1615692041.71, -0.0182295955213, 0.0181862430766, -0.0559148340428, -0.0573348328328, 3.7214570378
1615692041.73, -0.0168839526111, 0.0186187634561, -0.0581116336185, -0.0685212316563, 3.69801628479
1615692041.75, -0.0152698198502, 0.0193063259772, -0.0524741741583, -0.0701669058171, 3.66757971055
1615692041.77, -0.0133349601485, 0.0203724963183, -0.0516063016338, -0.0791322768836, 3.63086668297
1615692041.79, -0.0118192365751, 0.0214406746927, -0.0496270191071, -0.0917344202874, 3.6025982749
1615692041.81, -0.0102301334139, 0.0226438568987, -0.0501010168584, -0.0934814915028, 3.57234137424
1615692041.83, -0.00847816064066, 0.0243977470752, -0.0447286630717, -0.109697515127, 3.53927829582
1615692041.85, -0.00679920250876, 0.0261718438794, -0.0448343603673, -0.108519267334, 3.50765777382
1615692041.87, -0.00525179425254, 0.0281671571707, -0.0418802618064, -0.125361945032, 3.47881072778
1615692041.89, -0.00362810457232, 0.0306420763288, -0.0348266329034, -0.121703208389, 3.44350254576
1615692041.91, -0.00245193342022, 0.0327263440977, -0.0339315677727, -0.140236676266, 3.4179585365
1615692041.93, -0.00128260375134, 0.0349627106583, -0.0323397639937, -0.13542603371, 3.3889584453
1615692041.95, 0.000179455194465, 0.0384334062329, -0.0293592741684, -0.151814177732, 3.34925834786
1615692041.97, 0.0010789409605, 0.0409043731214, -0.0256106837969, -0.150200145644, 3.32181786074
1615692041.99, 0.00202312401431, 0.044227820169, -0.0214236379746, -0.165967212031, 3.29002324096
1615692042.01, 0.00274625581305, 0.047711322075, -0.0155082884921, -0.177972263031, 3.25935398234
1615692042.03, 0.00307137998618, 0.0515358885402, 0.0, -0.18518722979, 3.22639817954
1615692042.05, 0.0032674445139, 0.0552135499741, 0.0, -0.191478379698, 3.19485451466
1615692042.07, 0.00334931789207, 0.0588317098525, 0.0, -0.194909440574, 3.16421725031
1615692042.09, 0.00327153665047, 0.0636178121698, 0.0, -0.201937386302, 3.12534260503
1615692042.12, 0.00306415325591, 0.0677882412336, 0.0, -0.204806999571, 3.09190646871
1615692042.13, 0.00277408929065, 0.0714941799247, 0.0, -0.21447360391, 3.06348186243
1615692042.15, 0.00224470597355, 0.0761304645578, 0.0, -0.219028000917, 3.02790237215
1615692042.17, 0.00157882849519, 0.0806352106494, 0.0, -0.225867455657, 2.99483847483
1615692042.19, 0.000699570083343, 0.0854390941547, 0.0, -0.230840871155, 2.96056563657
1615692042.21, -0.000319948305095, 0.0901273753122, 0.0, -0.240615736011, 2.92746540423
1615692042.23, -0.00151500954155, 0.0948771127647, 0.0, -0.24668860978, 2.89510327176
1615692042.25, -0.00288878584584, 0.0996980756715, 0.0, -0.254577226933, 2.86399150598
1615692042.27, -0.00436139877638, 0.104371791711, 0.0, -0.265969198261, 2.83635545498
1615692042.29, -0.00653090671679, 0.109751293455, 0.0121478443523, -0.268941915895, 2.80339024787
1615692042.31, -0.00894855097783, 0.11478745589, 0.021330534219, -0.277165530637, 2.77083462581
1615692042.33, -0.0113575626844, 0.119257728762, 0.0268726299337, -0.28568193046, 2.74110350453
1615692042.35, -0.0145340204121, 0.124383870426, 0.034798306014, -0.289714729709, 2.70638321669
1615692042.37, -0.0181567007119, 0.129526574045, 0.0440402031631, -0.300801060965, 2.67327584069
1615692042.39, -0.0213672411552, 0.133672668269, 0.0482142160821, -0.294188315313, 2.64513176709
1615692042.41, -0.0261009274193, 0.138910274793, 0.0645309390998, -0.314196533071, 2.60925571322
1615692042.43, -0.0300712035593, 0.142864631019, 0.0708381502251, -0.309864363415, 2.57893358038
1615692042.45, -0.0360436117652, 0.148098542301, 0.0831293977726, -0.328883721179, 2.53796635513
1615692042.47, -0.0402699162799, 0.151436106423, 0.0896393595492, -0.322918948927, 2.51000599237
1615692042.49, -0.0473816444686, 0.156358110137, 0.103871262713, -0.344389350339, 2.46913153407
1615692042.51, -0.0530908312315, 0.159755242504, 0.115338312977, -0.336881907455, 2.43741428217
1615692042.53, -0.058352631241, 0.162725992017, 0.119694961116, -0.355321808427, 2.40969492729
1615692042.55, -0.0662343503971, 0.166352277665, 0.132794484595, -0.345541148759, 2.36891450727
1615692042.57, -0.0734870940271, 0.169313510049, 0.141299571033, -0.359215640452, 2.33319547447
1615692042.59, -0.0809423162191, 0.17175538637, 0.153871655111, -0.353934357741, 2.29741979431
1615692042.61, -0.0887187816594, 0.173999426438, 0.160884018896, -0.369793872455, 2.26209646055
1615692042.63, -0.0966953664632, 0.175616108633, 0.175965397575, -0.359546028497, 2.22590574975
1615692042.65, -0.104736225214, 0.176909021259, 0.186263540331, -0.374097741508, 2.19219134367
1615692042.67, -0.112720155157, 0.177732669376, 0.194301441409, -0.36798602599, 2.15940204117
1615692042.69, -0.121679445007, 0.178141991592, 0.209824403196, -0.377733606356, 2.12349415079
1615692042.71, -0.130051089166, 0.178007814457, 0.22020500036, -0.371873864153, 2.08939735751
1615692042.73, -0.138426035075, 0.177484722852, 0.23261949526, -0.381046688453, 2.05650441526
1615692042.75, -0.147819765828, 0.176327593326, 0.242790815588, -0.376647281945, 2.02080988301
1615692042.77, -0.15671783004, 0.174747537818, 0.255840917217, -0.379494502279, 1.98822926846
1615692042.79, -0.166045378861, 0.172460935855, 0.271479923314, -0.377276962761, 1.95413685461
1615692042.81, -0.175545062554, 0.169657446943, 0.279221365991, -0.37931436309, 1.91838756141
1615692042.83, -0.183897460274, 0.16674730481, 0.288503319142, -0.379073818948, 1.88608083351
1615692042.85, -0.192812532173, 0.162995951599, 0.298947581616, -0.370557777713, 1.85134229979
1615692042.87, -0.201269429825, 0.158897622051, 0.314829148709, -0.374141707603, 1.81905451083
1615692042.89, -0.210607562534, 0.153710557064, 0.321842141759, -0.367846102534, 1.78255646711
1615692042.91, -0.218375547091, 0.14872880835, 0.337763636716, -0.362581418038, 1.75052512211
1615692042.93, -0.225747554019, 0.143559494619, 0.341892452491, -0.360306904328, 1.7184399728
1615692042.95, -0.233758511502, 0.137005599823, 0.355663204697, -0.348125979276, 1.68121331774
1615692042.97, -0.240801397931, 0.130867175277, 0.360335212373, -0.354553688249, 1.64739305846
1615692042.99, -0.248504659703, 0.122827621023, 0.378085282408, -0.336206592191, 1.60800054815
1615692043.01, -0.255842796891, 0.114541462935, 0.387334732606, -0.343748167684, 1.5697432451
1615692043.03, -0.26176417338, 0.106687375181, 0.400843694748, -0.324684487144, 1.53599287979
1615692043.05, -0.267978869085, 0.0978217756551, 0.406687689665, -0.330863287118, 1.49923391823
1615692043.07, -0.27283488093, 0.0898288896749, 0.418618224081, -0.318156924234, 1.46686161645
1615692043.09, -0.278373697058, 0.0797436969568, 0.427135207346, -0.32143585545, 1.42790326152
1615692043.11, -0.282670180125, 0.0702330151034, 0.439566976347, -0.302162404701, 1.39288172357
1615692043.13, -0.286515278515, 0.0608959982874, 0.444210949795, -0.305150804904, 1.35953014837
1615692043.15, -0.289851921604, 0.0508814910197, 0.461067348532, -0.293865611202, 1.32497208259
1615692043.17, -0.293004457713, 0.0394078098185, 0.468164445707, -0.288633669498, 1.28646210655
1615692043.19, -0.295377606452, 0.028233526536, 0.473662054859, -0.278184832633, 1.24902919855
1615692043.21, -0.296858658238, 0.018440406588, 0.481299520723, -0.265736116726, 1.21642178429
1615692043.23, -0.298026196351, 0.0072595985026, 0.490783685519, -0.264126946244, 1.18112432979
1615692043.25, -0.298290785649, -0.00501028122998, 0.504567913139, -0.243198289449, 1.14321846241
1615692043.27, -0.298221230755, -0.0154423376345, 0.505402886847, -0.246250095007, 1.11074525591
1615692043.29, -0.297246093672, -0.0273082510895, 0.518239790451, -0.229517611764, 1.07188440011
1615692043.31, -0.2961733294, -0.0368278485475, 0.520255666757, -0.2307723828, 1.04108163149
1615692043.33, -0.293727181619, -0.0487503000191, 0.529275630047, -0.202727056017, 1.00264337913
1615692043.35, -0.290936391089, -0.0604716194094, 0.537552701418, -0.209987350667, 0.964645278989
1615692043.37, -0.287578763749, -0.0709689348619, 0.543731253325, -0.187245020551, 0.929573257619
1615692043.39, -0.283414743478, -0.0823422014328, 0.547362598796, -0.18649310001, 0.891453659739
1615692043.4, -0.279529953576, -0.0914746120655, 0.553498030994, -0.176021467116, 0.860697092139
1615692043.43, -0.273238676554, -0.103515763464, 0.558714965692, -0.155250913291, 0.818292046519
1615692043.45, -0.268383528015, -0.112294018843, 0.563099558723, -0.161194377954, 0.786778736359
1615692043.47, -0.261504916918, -0.122550511711, 0.567095829044, -0.133876580526, 0.748205257779
1615692043.48, -0.255267266667, -0.131246281417, 0.571383065736, -0.135786162204, 0.715223700229
1615692043.51, -0.247330384471, -0.140647914082, 0.573791965854, -0.111993212005, 0.676920118549
1615692043.52, -0.239747050758, -0.149001002696, 0.577483709329, -0.112276616992, 0.641634074229
1615692043.54, -0.231627785223, -0.156729862602, 0.577073110358, -0.0898454579995, 0.606317320309
1615692043.57, -0.222412829275, -0.164934108409, 0.578105844804, -0.0924848544935, 0.568805500629
1615692043.59, -0.211394140913, -0.172924134776, 0.584191898461, -0.0583929877896, 0.527771822499
1615692043.61, -0.201762801496, -0.179513227995, 0.586968513815, -0.0634057753205, 0.492390516029
1615692043.62, -0.193828755974, -0.184280971722, 0.586057307661, -0.0454318431668, 0.463730848629
1615692043.65, -0.181706408675, -0.190582222214, 0.58263733534, -0.03451686497, 0.420192087669
1615692043.67, -0.170200799982, -0.195526744131, 0.584605660658, -0.0142994521635, 0.381430946719
1615692043.69, -0.161021216803, -0.198896507898, 0.591136234992, 0.0, 0.351820841899
1615692043.71, -0.150135143719, -0.202465516621, 0.585692091188, 0.0, 0.316808264689
1615692043.73, -0.138862138866, -0.205486807755, 0.58033653589, 0.0107707347545, 0.280414538579
1615692043.74, -0.128070466717, -0.207787683023, 0.58033706185, 0.0202142140145, 0.244880873379
1615692043.76, -0.116703696221, -0.20977312144, 0.57660058542, 0.0214354079867, 0.210084224619
1615692043.78, -0.104759182038, -0.211031921149, 0.58852088751, 0.0414251160763, 0.175272306249
1615692043.81, -0.0918840685683, -0.21164396996, 0.576454361449, 0.0522299346686, 0.137860367769
1615692043.83, -0.0798762909336, -0.211587602092, 0.574084029171, 0.0614152002056, 0.101879883129
1615692043.85, -0.0692489656791, -0.21090986065, 0.571748553554, 0.0766466384132, 0.0695748218792
1615692043.87, -0.0570331306001, -0.209392220764, 0.570086612066, 0.088695628823, 0.0307431580992
1615692043.89, -0.0457040544141, -0.207066754087, 0.562096026855, 0.111521750883, 6.27659196138
1615692043.9, -0.036214309542, -0.204979129907, 0.559413792234, 0.100429107596, 6.24428044011
1615692043.93, -0.0250489310077, -0.201158536593, 0.552996429682, 0.142713184512, 6.20605384756
1615692043.95, -0.014166369193, -0.197120389796, 0.547185950727, 0.134064722356, 6.16814268076
1615692043.96, -0.00484890825825, -0.192890061008, 0.543453136026, 0.154675994511, 6.13427691157
1615692043.98, 0.00504512881263, -0.187776898374, 0.532645867404, 0.158839093983, 6.09600590923
1615692044.0, 0.0144346943706, -0.182111435841, 0.524687208462, 0.172712033808, 6.05828544293
1615692044.02, 0.0231704621578, -0.176207227907, 0.516568809525, 0.179114858113, 6.02260826138
1615692044.04, 0.0322325237221, -0.169128638725, 0.510378684392, 0.194453091385, 5.98407938648
1615692044.06, 0.0404240676048, -0.162162136232, 0.499691605782, 0.193190159481, 5.94734765759
1615692044.08, 0.0479764022308, -0.154684141814, 0.492399611187, 0.212819264652, 5.91069349474
1615692044.1, 0.0547913406612, -0.147228365678, 0.473404141353, 0.212301165654, 5.87448111382
1615692044.12, 0.061533395542, -0.138602011137, 0.467481934593, 0.231536316014, 5.83565510092
1615692044.14, 0.067563246511, -0.130190779223, 0.459165086605, 0.230145203793, 5.79898219738
1615692044.16, 0.0724204990465, -0.122315626104, 0.443306591022, 0.242632267941, 5.76584313001
1615692044.19, 0.0778350009267, -0.112314632032, 0.432215799974, 0.244938249824, 5.72417969183
1615692044.2, 0.0814675439622, -0.104474802209, 0.421289001627, 0.256287600566, 5.69281513999
1615692044.22, 0.0849073851437, -0.0956724645257, 0.409729501081, 0.264476599508, 5.6581269072
1615692044.25, 0.088196771316, -0.0853628897684, 0.392006503826, 0.265482326146, 5.61652682322
1615692044.26, 0.0903275305334, -0.0767509379803, 0.381838646689, 0.277198045282, 5.5828713721
1615692044.28, 0.0920164086408, -0.0677157225001, 0.368598333861, 0.281016812053, 5.54856384244
1615692044.3, 0.0931587170614, -0.0588819359363, 0.357126637888, 0.28612268054, 5.51644664359
1615692044.32, 0.0937673823995, -0.0508421704943, 0.345922781478, 0.290809631373, 5.48700882694
1615692044.34, 0.0939330561309, -0.0416905587758, 0.330901367423, 0.291179598945, 5.45212191334
1615692044.41, 0.0933666715888, -0.0328117246482, 0.31350465006, 0.303242535478, 5.41744548164
1615692044.41, 0.092414541327, -0.0242656015804, 0.302751650594, 0.301298894118, 5.38442889504
1615692044.42, 0.0908452981608, -0.0155788714799, 0.291142143514, 0.310912169932, 5.35189212398
1615692044.42, 0.089296572046, -0.00851460443614, 0.280900931735, 0.305795021902, 5.32437333666
1615692044.44, 0.0868013673937, -8.44906567708e-05, 0.265890150328, 0.311994935102, 5.28962928738
1615692044.46, 0.0838225736946, 0.00812042881556, 0.252471781479, 0.311136284246, 5.25324830231
1615692044.48, 0.0807994142106, 0.0149623329382, 0.237533931941, 0.315778427202, 5.22220317119
1615692044.51, 0.076636305287, 0.0227881913891, 0.222413372304, 0.319214718106, 5.18574877919
1615692044.52, 0.0731976064787, 0.0286102933734, 0.214955758302, 0.319641871117, 5.15766230879
1615692044.54, 0.0686664595733, 0.035229599634, 0.204452799981, 0.327023514127, 5.12417604437
1615692044.56, 0.0645027858213, 0.0407383885763, 0.191048846705, 0.316998096384, 5.09357861521
1615692044.58, 0.0596522831298, 0.0462362943118, 0.178533729287, 0.327976158802, 5.06177152225
1615692044.6, 0.0549406335774, 0.0512522058978, 0.171196826078, 0.314405935034, 5.03043768343
1615692044.62, 0.0497308561805, 0.0560159681361, 0.158353387922, 0.325407678939, 5.00020194038
1615692044.64, 0.0441790079021, 0.0605110264133, 0.14103197761, 0.310730238059, 4.96691709344
1615692044.67, 0.0370890668038, 0.0652809189033, 0.128824788504, 0.325621987506, 4.92787366624
1615692044.68, 0.032626723301, 0.0681882678137, 0.126720773945, 0.311506932756, 4.90348475708
1615692044.7, 0.0265945464461, 0.0712999990443, 0.105777105921, 0.325854595479, 4.87475720193
1615692044.72, 0.0206039673295, 0.0740665964706, 0.0959982029015, 0.308936112411, 4.84375384097
1615692044.74, 0.0147368512689, 0.0762971203331, 0.0845750841144, 0.31522373343, 4.81355954602
1615692044.76, 0.00873253299485, 0.0781651800119, 0.071971306902, 0.304327068543, 4.7817889313
1615692044.78, 0.00272650951267, 0.0795678661746, 0.0600784935364, 0.311443298105, 4.75126037079
1615692044.8, -0.00329058015811, 0.0805825809714, 0.0488279872738, 0.303396761203, 4.71988642139
1615692044.82, -0.0100933806381, 0.0812328786024, 0.0373608913119, 0.303635669169, 4.68526228734
1615692044.85, -0.0163435926835, 0.0814324153689, 0.0269557489467, 0.291795407557, 4.65218545164
1615692044.86, -0.0211019158407, 0.0813113996566, 0.0175909405576, 0.289349729017, 4.62624203018
1615692044.89, -0.0278498563122, 0.0804682674478, 0.0, 0.2869486701, 4.58808656612
1615692044.91, -0.0332336586302, 0.0793792113369, -0.0119209428292, 0.276320981114, 4.55591331914
1615692044.92, -0.0371808855881, 0.0783634680677, -0.0197821052293, 0.272645334347, 4.53295194686
1615692044.94, -0.0429700949137, 0.0764065817613, -0.0293772502818, 0.26014790297, 4.49887243268
1615692044.96, -0.0477136623046, 0.0744762812584, -0.0376339765095, 0.25767968259, 4.47094677516
1615692044.98, -0.051832337257, 0.0724937295163, -0.0448490840385, 0.246474061944, 4.44376033052
1615692045.0, -0.0567882872953, 0.0694920494785, -0.0589883018798, 0.241477154081, 4.407398303
1615692045.02, -0.0602798113026, 0.0671051112796, -0.064699469403, 0.235744201623, 4.38058162435
1615692045.04, -0.0640822547491, 0.0639486366585, -0.0787397878297, 0.229660238505, 4.34984559549
1615692045.07, -0.0678987413265, 0.060094079933, -0.0884364620915, 0.213815796454, 4.31421225981
1615692045.08, -0.0705727999347, 0.0571835344102, -0.0904811599909, 0.212047220442, 4.28798199336
1615692045.1, -0.0729201519342, 0.054076253367, -0.101116432134, 0.197788170865, 4.26115968882
1615692045.12, -0.0757897494481, 0.049628288303, -0.110024939849, 0.196303605571, 4.22540603906
1615692045.14, -0.0777363246293, 0.0459587590777, -0.116825971517, 0.183450692753, 4.19637556362
1615692045.16, -0.0794902357894, 0.0419526401272, -0.123237478194, 0.175744040159, 4.16581447362
1615692045.18, -0.0806928210637, 0.0385375615539, -0.129180518075, 0.166606282838, 4.1397099845
1615692045.2, -0.0819125671458, 0.0336432543034, -0.139856232171, 0.160162430377, 4.10365264634
1615692045.22, -0.0825078126179, 0.0297364862235, -0.14550711108, 0.146456236265, 4.07493977834
1615692045.24, -0.0828736582005, 0.0253997331509, -0.152528278778, 0.142675050254, 4.04451626476
1615692045.26, -0.0828913898509, 0.0217397322712, -0.153810547565, 0.129276641029, 4.01828503324
1615692045.28, -0.0825976871981, 0.0182101934605, -0.160337651163, 0.118677575859, 3.99218548753
1615692045.31, -0.0817072001385, 0.0132691662575, -0.166803348754, 0.109439365471, 3.95342979363
1615692045.32, -0.0810054982644, 0.0104611859008, -0.170873267401, 0.101681512327, 3.93072216999
1615692045.34, -0.0796674386024, 0.00690609488759, -0.177877897517, 0.0859982538936, 3.90207567435
1615692045.36, -0.0780436572301, 0.00298063698849, -0.178926670144, 0.0860943621403, 3.87169617447
1615692045.38, -0.0760172845078, -0.000578652466419, -0.183887607444, 0.0676255802574, 3.84243048487
1615692045.4, -0.0737389444677, -0.00403405145053, -0.182440427445, 0.0599376097913, 3.81204069847
1615692045.42, -0.0714696524743, -0.00674638440098, -0.190387618448, 0.0444810945781, 3.78617505295
1615692045.44, -0.0689458243917, -0.00948829010163, -0.18932342209, 0.0405661045132, 3.75730447045
1615692045.46, -0.0659174836943, -0.0122147356275, -0.196205400279, 0.0292695373104, 3.72649304095
1615692045.48, -0.0626939037686, -0.0145353771995, -0.198104678958, 0.0135831850604, 3.69708851335
1615692045.5, -0.0593790864305, -0.0164684226642, -0.199132655059, 0.0, 3.66953249486
1615692045.52, -0.055532832846, -0.0181314954484, -0.201392763992, -0.0182562633167, 3.64010704044
1615692045.54, -0.0519731944015, -0.0193767882495, -0.200231345512, -0.0271810821284, 3.61304579194
1615692045.56, -0.0479196260071, -0.0204848290675, -0.203101222403, -0.0358837669271, 3.58329827296
1615692045.58, -0.0440582195281, -0.0211980434486, -0.20077265168, -0.0474402597101, 3.55627012218
1615692045.6, -0.0396636751324, -0.0217060573953, -0.205144355762, -0.0566995659458, 3.52633958826
1615692045.62, -0.0355769411476, -0.021757163541, -0.200173848755, -0.0718834761248, 3.49886062103
1615692045.64, -0.0310431988976, -0.0215762957146, -0.204696457019, -0.0787218031892, 3.46886155653
1615692045.66, -0.0259944503451, -0.0208515255136, -0.201343079608, -0.0938870316415, 3.43534142529
1615692045.68, -0.0223090929834, -0.0201397453669, -0.19971234728, -0.099061746406, 3.41126468403
1615692045.7, -0.017713443543, -0.0188323107256, -0.199967446778, -0.113904054928, 3.38219793023
1615692045.72, -0.0132676549005, -0.0170798721624, -0.19461274503, -0.12953374642, 3.35337604268
1615692045.74, -0.00910240673253, -0.0151178971649, -0.193601909891, -0.139620025047, 3.32617852871
1615692045.76, -0.00490989877855, -0.0126988600212, -0.188885315424, -0.152431731889, 3.29726256346
1615692045.78, -0.000707269058913, -0.0100776066168, -0.191445936276, -0.155912143918, 3.26737164962
1615692045.8, 0.00340336765373, -0.00697267926713, -0.186227972167, -0.171123000504, 3.23783686932
1615692045.82, 0.00741297801153, -0.00366891098797, -0.184960919382, -0.174686231731, 3.20924742872
1615692045.84, 0.0111516393389, -9.57777174206e-05, -0.179340495421, -0.185683214414, 3.18160172174
1615692045.86, 0.014475334001, 0.00356995355406, -0.175122249495, -0.198370581988, 3.15486088762
1615692045.88, 0.0179238507787, 0.00782764148626, -0.17418096484, -0.208062207234, 3.12538035446
1615692045.9, 0.0209349381072, 0.0120928654598, -0.169414267949, -0.218806079041, 3.09745717078
1615692045.92, 0.0241555776768, 0.0173041749413, -0.168086394774, -0.231020398656, 3.06615055138
1615692045.94, 0.0265291199773, 0.0216132501251, -0.159437983774, -0.230982961184, 3.0409101493
1615692045.96, 0.0292158503661, 0.0275517733797, -0.154484221391, -0.248576125971, 3.01039899164
1615692045.98, 0.0313215085422, 0.0329477755428, -0.149171585298, -0.255110823336, 2.98452678968
1615692046.0, 0.0331603588533, 0.0387723074553, -0.143007034868, -0.26824300702, 2.95760221792
1615692046.02, 0.0346904964294, 0.0447208200213, -0.138653705289, -0.278290229215, 2.93113066934
1615692046.04, 0.0359247817864, 0.0510012773286, -0.131127577362, -0.28432960996, 2.90353395719
1615692046.06, 0.0368056583853, 0.0572270256266, -0.125740350485, -0.293291516801, 2.87713045783
1615692046.08, 0.0373671463336, 0.0636128163705, -0.119202890536, -0.29947588176, 2.85048063967
1615692046.1, 0.0375571537703, 0.0702515595089, -0.112730367531, -0.312176670537, 2.82366724771
1615692046.12, 0.0373797589912, 0.0769007164194, -0.103993874423, -0.315636530611, 2.79664699501
1615692046.14, 0.0368368329313, 0.0836233191189, -0.09857552162, -0.329573120725, 2.77037480359
1615692046.16, 0.0360875702107, 0.0898937686333, -0.0924068843822, -0.324570914053, 2.74529938761
1615692046.18, 0.034579585284, 0.0974156411733, -0.08068836031, -0.347575237233, 2.71562956287
1615692046.2, 0.032963604961, 0.103862029683, -0.0713696352942, -0.338093548206, 2.68793406015
1615692046.22, 0.0306532891766, 0.111283875737, -0.0674048871345, -0.364873579056, 2.6571388464
1615692046.24, 0.0280620794038, 0.118147537554, -0.0556248983723, -0.360664298507, 2.62758606636
1615692046.26, 0.0249284913512, 0.12516946744, -0.0466743428524, -0.376033292781, 2.59836415068
1615692046.28, 0.0216378411189, 0.13163342073, -0.0376901741205, -0.380597964292, 2.57200279234
1615692046.3, 0.017771939813, 0.138411366403, -0.0305000285705, -0.385980555659, 2.54439311932
1615692046.32, 0.0133089323121, 0.145270791583, -0.0193439334565, -0.395021540634, 2.51583833734
1615692046.34, 0.00884266070587, 0.151522961434, -0.0129651553157, -0.404723054279, 2.48927330934
1615692046.36, 0.00366088048307, 0.157916288976, 0.0, -0.408758855771, 2.4604830936
1615692046.38, -0.00157118040926, 0.164008621349, 0.0, -0.417497861261, 2.43201509528
1615692046.4, -0.00718862914937, 0.170185626461, 0.0, -0.420201339887, 2.40360127413
1615692046.42, -0.0132721152787, 0.176130380321, 0.0133257275652, -0.426512502559, 2.37589442498
1615692046.44, -0.0198607049203, 0.181989361522, 0.0214945101309, -0.430901304029, 2.34748831826
1615692046.46, -0.0271051959833, 0.187679032361, 0.0357950620979, -0.440330492143, 2.31767119378
1615692046.48, -0.0340976018714, 0.192671802313, 0.043828918249, -0.442993912027, 2.28949182576
1615692046.5, -0.041709325747, 0.197531949212, 0.0552589625471, -0.451897682313, 2.26072831641
1615692046.52, -0.0499703741015, 0.202230273754, 0.0656500782176, -0.454550527114, 2.23134416553
1615692046.54, -0.0570690838388, 0.205883104, 0.07452961618, -0.457803536665, 2.20741960507
1615692046.56, -0.0666564436469, 0.210093351129, 0.0894934284138, -0.460324984285, 2.17660545811
1615692046.58, -0.0754713425494, 0.213474455091, 0.101640979402, -0.470264254158, 2.14991812235
1615692046.6, -0.0846091000637, 0.216491659096, 0.111165983122, -0.468032150805, 2.12291267645
1615692046.62, -0.0953670498225, 0.219401293428, 0.124495134033, -0.474833629128, 2.09135560097
1615692046.64, -0.103554429766, 0.221204222437, 0.136880054898, -0.474985692692, 2.06812052975
1615692046.66, -0.113909498151, 0.223012248797, 0.145436242604, -0.476901819255, 2.0396583218
1615692046.68, -0.123103009515, 0.224146293664, 0.158613624306, -0.476931375549, 2.01459352996
1615692046.7, -0.133442389271, 0.225005458491, 0.166835951595, -0.482290383805, 1.98674149572
1615692046.72, -0.144093068615, 0.225282006958, 0.181624732977, -0.480817150291, 1.95792809537
1615692046.74, -0.153005286245, 0.225152584037, 0.189903956893, -0.478107664638, 1.93436490129
1615692046.76, -0.164065149796, 0.22439220993, 0.205328705462, -0.480038878316, 1.90633723305
1615692046.78, -0.174697772686, 0.223200595798, 0.213083705929, -0.4765129036, 1.87969102385
1615692046.8, -0.185100900028, 0.221442592517, 0.230210642482, -0.477506930079, 1.85262301865
1615692046.82, -0.195734465368, 0.219244847483, 0.234200639812, -0.476295708762, 1.82398184245
1615692046.84, -0.207719597982, 0.215923568431, 0.253845764123, -0.475323124562, 1.79097762549
1615692046.86, -0.21609225169, 0.21325847817, 0.260679537973, -0.47099674206, 1.76812663509
1615692046.88, -0.226622073943, 0.209367858495, 0.272188807911, -0.471202572638, 1.74069015952
1615692046.9, -0.23826877824, 0.204348329147, 0.285305218746, -0.468729937961, 1.71064448412
1615692046.92, -0.247791002032, 0.199637917346, 0.299590402539, -0.463309654076, 1.68542053499
1615692046.93, -0.255170974074, 0.195721245205, 0.305799587648, -0.464604760602, 1.66499185803
1615692046.96, -0.2653212969, 0.189620881238, 0.316132585819, -0.457077128412, 1.63473322145
1615692046.98, -0.275882324768, 0.18243463421, 0.329792942812, -0.453007335197, 1.60258929917
1615692047.0, -0.28504912559, 0.175498739461, 0.340171336202, -0.446491012241, 1.5741235406
1615692047.02, -0.292984534597, 0.168964510852, 0.350416466984, -0.444265162759, 1.54977973514
1615692047.04, -0.302164817116, 0.160504362769, 0.362127220651, -0.435553587981, 1.51980548338
1615692047.06, -0.310280378472, 0.152326662202, 0.37371924166, -0.434378238989, 1.49205909712
1615692047.08, -0.317456122551, 0.144341810843, 0.385502627437, -0.427430281549, 1.46594768592
1615692047.1, -0.324544245546, 0.135675025058, 0.396379306234, -0.422623407593, 1.43889533052
1615692047.12, -0.331374625024, 0.12651406731, 0.404695749197, -0.416627504939, 1.41154871516
1615692047.13, -0.33696097928, 0.118309408058, 0.414936584392, -0.410875275903, 1.38809140202
1615692047.16, -0.343466265535, 0.107621834276, 0.424203264016, -0.402219054425, 1.35876919064
1615692047.18, -0.349383174391, 0.0970633211686, 0.434111257387, -0.405019241485, 1.33084039667
1615692047.2, -0.354538383736, 0.0864399192463, 0.444616275621, -0.389270665861, 1.3034652471
1615692047.22, -0.359381341425, 0.075241333288, 0.455340586171, -0.386728290467, 1.2748728035
1615692047.24, -0.363426732001, 0.0647324377811, 0.463358123113, -0.381428511246, 1.24954298705
1615692047.26, -0.367886456114, 0.0509761421148, 0.475434798879, -0.374004522355, 1.21774769982
1615692047.28, -0.370983268553, 0.0395600668443, 0.486208961457, -0.365479933025, 1.19110551669
1615692047.3, -0.373711994825, 0.0274918706019, 0.492194537211, -0.359083885455, 1.16287737167
1615692047.32, -0.375697895195, 0.015929665736, 0.497796356172, -0.344758979924, 1.13517236291
1615692047.34, -0.377078975716, 0.00517302384494, 0.509127060236, -0.339639588613, 1.11018718547
1615692047.36, -0.378127925629, -0.00815761123023, 0.516166381963, -0.329519771365, 1.08114556615
1615692047.38, -0.378448411506, -0.0204693534336, 0.525929472863, -0.316516655703, 1.05506221535
1615692047.4, -0.378326923596, -0.0330942699814, 0.531593794899, -0.313840041936, 1.02786102609
1615692047.42, -0.377609196215, -0.0451623264293, 0.542310848265, -0.302930804769, 1.00197673766
1615692047.44, -0.376333583097, -0.0582632592889, 0.54841727857, -0.300180197595, 0.972922177639
1615692047.46, -0.374403357028, -0.0705418362189, 0.553952246498, -0.281219815585, 0.945112261379
1615692047.48, -0.372063047292, -0.0825810295234, 0.558307570581, -0.277332337621, 0.917765646019
1615692047.5, -0.368933045185, -0.0949393760308, 0.567171588888, -0.261437257187, 0.890820274819
1615692047.52, -0.365194279657, -0.107674177263, 0.57230986918, -0.256895390713, 0.863316139719
1615692047.54, -0.362031602191, -0.117177703286, 0.57817087772, -0.249487793997, 0.842161349909
1615692047.56, -0.357192803451, -0.129614626333, 0.581946313993, -0.23653310782, 0.813694324249
1615692047.58, -0.352020762822, -0.141417986382, 0.589951404663, -0.230587345423, 0.785211363449
1615692047.6, -0.346341259099, -0.152623228931, 0.589342815757, -0.211231160331, 0.757520251709
1615692047.62, -0.340176633985, -0.163661106394, 0.597944823163, -0.205563260298, 0.730327087069
1615692047.64, -0.333490612215, -0.174355404725, 0.600101451911, -0.191015702996, 0.703891548709
1615692047.66, -0.326205767992, -0.185119702536, 0.606081719103, -0.18668366246, 0.677042868149
1615692047.68, -0.318684406937, -0.194971840618, 0.607513980509, -0.167134073608, 0.650289061029
1615692047.7, -0.311090945332, -0.204255358192, 0.613899818758, -0.163944259367, 0.624241392669
1615692047.72, -0.301407469098, -0.214665667973, 0.615499392799, -0.142907654593, 0.593415033629
1615692047.74, -0.294361356531, -0.221806766595, 0.615345304576, -0.138011087533, 0.571461989489
1615692047.76, -0.28440712253, -0.230592615766, 0.620206978802, -0.113461392118, 0.542191586329
1615692047.78, -0.274726792023, -0.238582280117, 0.622656437862, -0.109971731414, 0.515194268489
1615692047.8, -0.264361479657, -0.24604032142, 0.626721917529, -0.0857422555219, 0.487739758089
1615692047.82, -0.253667933674, -0.253063807404, 0.629331209669, -0.0764237369485, 0.460293679689
1615692047.84, -0.242982392865, -0.25928216805, 0.627401928375, -0.058290198909, 0.434394096969
1615692047.86, -0.231042818242, -0.265749785255, 0.626373064038, -0.0560572911252, 0.407188000569
1615692047.88, -0.220716596838, -0.271059908544, 0.618137973633, -0.0567434409113, 0.383431275159
1615692047.9, -0.209685871382, -0.275734575785, 0.629313985122, -0.0268925025092, 0.358134885299
1615692047.92, -0.196864303359, -0.280828889032, 0.629795855694, -0.0315390482597, 0.328160712839
1615692047.93, -0.186209436307, -0.28417209289, 0.629729757677, 0.0, 0.304043700919
1615692047.96, -0.173661728754, -0.287735797729, 0.620727990467, 0.0, 0.276725533419
1615692047.98, -0.161349289792, -0.29046304849, 0.628303568358, 0.0210344866695, 0.251449854039
1615692048.0, -0.148498159466, -0.2927741942, 0.626203978362, 0.0297526488572, 0.225414844039
1615692048.02, -0.135961662916, -0.294541288219, 0.622473148895, 0.0375225163257, 0.200240292119
1615692048.04, -0.124791186177, -0.295589633717, 0.620552280268, 0.052001362426, 0.177178768919
1615692048.06, -0.110745595858, -0.296244087392, 0.620673831847, 0.0622510731764, 0.146522946359
1615692048.08, -0.0996952951581, -0.296192589866, 0.6174421297, 0.0785288939043, 0.121844777939
1615692048.1, -0.0865871666534, -0.295586239495, 0.61223275106, 0.0853797557178, 0.0923380858988
1615692048.12, -0.0733702754114, -0.294192775402, 0.609525086446, 0.104414001194, 0.0646146301088
1615692048.13, -0.0634329589803, -0.292789492077, 0.605296578992, 0.112466528595, 0.0434231286088
1615692048.16, -0.0507839542566, -0.290439012642, 0.60236092327, 0.121801639399, 0.0157891662088
1615692048.18, -0.0385613774691, -0.287486587796, 0.597197463721, 0.136744457678, 6.27126703964
1615692048.2, -0.0269054807286, -0.28420619227, 0.592228965633, 0.141531710526, 6.24342661584
1615692048.22, -0.0147849311377, -0.279967247421, 0.587017107572, 0.160655737076, 6.21388922404
1615692048.24, -0.00412235670007, -0.275653756114, 0.581355395301, 0.172457174941, 6.18714453157
1615692048.26, 0.00693307088344, -0.270626727019, 0.576590992848, 0.179989058331, 6.15899602377
1615692048.28, 0.0183961915356, -0.264621449226, 0.568744714429, 0.194095392141, 6.12949449035
1615692048.3, 0.0285679138664, -0.258757866338, 0.561657843471, 0.19985819011, 6.10211970525
1615692048.31, 0.037107967977, -0.253257308379, 0.556472195623, 0.214212693167, 6.07843971946
1615692048.33, 0.0466410265371, -0.246508050624, 0.547300664085, 0.221276589707, 6.05133306249
1615692048.36, 0.0563662531727, -0.238798840941, 0.541838149998, 0.235679514698, 6.02318903177
1615692048.38, 0.0659740398878, -0.230538533443, 0.534343667676, 0.239772059375, 5.99484835815
1615692048.4, 0.0739224729051, -0.222995521507, 0.526806920618, 0.251719296587, 5.96969914167
1615692048.42, 0.0821041783539, -0.21462719258, 0.517465453273, 0.253922608412, 5.94269486822
1615692048.44, 0.0899063548975, -0.205611936945, 0.507599824428, 0.269770557017, 5.9142797174
1615692048.46, 0.0970377977995, -0.196691821075, 0.499609330019, 0.273324287647, 5.88740754098
1615692048.48, 0.103828772246, -0.187108653733, 0.490946042738, 0.288784430222, 5.86060016038
1615692048.5, 0.109542791032, -0.17848404283, 0.48291192562, 0.289546574837, 5.83763270288
1615692048.52, 0.115470740956, -0.168424493532, 0.474897449336, 0.302262777262, 5.81170527913
1615692048.53, 0.120130383239, -0.159881795678, 0.467878768873, 0.304982970899, 5.78940364329
1615692048.56, 0.125330237939, -0.148947532746, 0.45720695623, 0.315869554372, 5.76086151787
1615692048.58, 0.129469761447, -0.139033869259, 0.446047182193, 0.323027007588, 5.73472191007
1615692048.6, 0.133092208515, -0.128811725422, 0.434624431043, 0.333883216459, 5.70800839627
1615692048.62, 0.136312249017, -0.118358513077, 0.426580224753, 0.338437164644, 5.68189529107
1615692048.64, 0.13919582685, -0.107064761468, 0.41722629958, 0.346213529542, 5.65502134482
1615692048.66, 0.141343056166, -0.0968196131918, 0.40863852052, 0.352229549766, 5.63037955895
1615692048.68, 0.143084502406, -0.0863117807267, 0.397245893903, 0.35402642737, 5.60455774763
1615692048.7, 0.144272214822, -0.076153586401, 0.388374389577, 0.361775696128, 5.57873730103
1615692048.72, 0.144993693074, -0.065216015352, 0.37715282178, 0.367299858435, 5.55042061319
1615692048.73, 0.145164825806, -0.0562524139132, 0.363975533371, 0.371663350413, 5.52732693661
1615692048.75, 0.144878699333, -0.0454260126082, 0.355813947433, 0.376760117425, 5.49994948372
1615692048.77, 0.143983044379, -0.0348437730459, 0.342883320722, 0.386289783465, 5.47280899012
1615692048.79, 0.142799803344, -0.0249043012778, 0.333891668208, 0.382448366663, 5.44698099737
1615692048.81, 0.140986897381, -0.0149816789371, 0.321306827761, 0.396198377532, 5.42107710977
1615692048.84, 0.138695361868, -0.0048450735887, 0.308712500616, 0.391501075906, 5.39314585363
1615692048.85, 0.135973896502, 0.00449447162767, 0.296683886606, 0.405315770195, 5.36777511114
1615692048.88, 0.132787594576, 0.0141439532102, 0.286216739032, 0.398206025315, 5.34104384337
1615692048.89, 0.129427894831, 0.0226914957561, 0.275967985811, 0.410766805513, 5.31710276046
1615692048.92, 0.125172835477, 0.0320890378858, 0.257950428557, 0.402992892209, 5.2886436225
1615692048.93, 0.121376643123, 0.0394969556521, 0.250434854542, 0.413488514334, 5.26505350071
1615692048.95, 0.116344430845, 0.0482197022085, 0.239837943723, 0.415382824932, 5.23629048497
1615692048.97, 0.110881219711, 0.0564480748752, 0.220538913415, 0.415388446968, 5.20898905497
1615692048.99, 0.105258107133, 0.0641308440517, 0.212625218283, 0.421080388649, 5.18376019622
1615692049.02, 0.0994013705574, 0.0716221546818, 0.204611492813, 0.411837406232, 5.15853327412
1615692049.04, 0.0932714789028, 0.0786234017302, 0.194512905153, 0.424308426606, 5.13421125164
1615692049.06, 0.0869722553578, 0.0850246567631, 0.17483513253, 0.416967448258, 5.10878644652
1615692049.08, 0.0804754343015, 0.0911072312442, 0.168613370877, 0.418878195854, 5.08217818142
1615692049.09, 0.0741875293454, 0.0965581173596, 0.159245967272, 0.411640904576, 5.05747925671
1615692049.11, 0.0668312118303, 0.102052636567, 0.141316245406, 0.423706661918, 5.03198866723
1615692049.13, 0.06046202494, 0.106438898776, 0.130174433989, 0.413379880316, 5.01039747442
1615692049.15, 0.0524204586647, 0.111446150012, 0.124500507793, 0.42492804336, 4.98429677612
1615692049.17, 0.0445575166048, 0.115721531521, 0.105837691657, 0.410967506749, 4.95835603922
1615692049.19, 0.0374999158366, 0.119163630453, 0.0976335704197, 0.41548052628, 4.93535848047
1615692049.21, 0.0291677763423, 0.122647577901, 0.0836623956826, 0.40987161488, 4.90707683676
1615692049.23, 0.0212921793274, 0.125451214926, 0.0729449710424, 0.415840983096, 4.88074163843
1615692049.25, 0.0132948223818, 0.127713415023, 0.0550852755214, 0.407371578271, 4.85364965913
1615692049.27, 0.00524756001216, 0.129567770438, 0.0459340958812, 0.411591941923, 4.82772747973
1615692049.29, -0.00191425015473, 0.130851008906, 0.0346075531173, 0.406278161689, 4.80470876875
1615692049.31, -0.0105913178172, 0.132025818621, 0.0284728626337, 0.404003572295, 4.77660272325
1615692049.33, -0.0177119678597, 0.132316681022, 0.0, 0.399159744602, 4.753214016
1615692049.35, -0.0259433636534, 0.13242054031, 0.0, 0.391054010283, 4.72500576846
1615692049.37, -0.0337108089539, 0.132103664074, -0.0106722180604, 0.393430427057, 4.69873557521
1615692049.39, -0.0412186235133, 0.131337167145, -0.0238881017996, 0.381993748281, 4.67310226361
1615692049.41, -0.0493885546043, 0.130001118854, -0.0360407249299, 0.377801417539, 4.64539955803
1615692049.44, -0.0569788480457, 0.128280224894, -0.048102040574, 0.368035092408, 4.61939810467
1615692049.45, -0.0638166860829, 0.12641164809, -0.0558401113335, 0.370175246604, 4.59535069912
1615692049.47, -0.0709439687654, 0.123937893214, -0.0692192336302, 0.359448388795, 4.56855757692
1615692049.49, -0.076928551357, 0.121538503296, -0.0779485766736, 0.356850168002, 4.54613949247
1615692049.51, -0.0838762442308, 0.118293684874, -0.0870684408313, 0.3496135453, 4.51953585372
1615692049.53, -0.0901676608495, 0.114836192509, -0.100263616655, 0.342590533264, 4.49459810956
1615692049.55, -0.0957214324561, 0.111478243299, -0.10453960895, 0.335549782657, 4.47059231476
1615692049.57, -0.101312845624, 0.10763318984, -0.114156770061, 0.328494183981, 4.44444503948
1615692049.59, -0.106650523113, 0.103411031173, -0.126719580377, 0.321988667603, 4.4180897828
1615692049.61, -0.11191278041, 0.0986320069352, -0.137933601665, 0.31293245456, 4.39023647982
1615692049.63, -0.116583456941, 0.0938702333692, -0.148396014916, 0.308791903102, 4.36531613038
1615692049.65, -0.121012060161, 0.0888435564355, -0.153009997935, 0.29622986118, 4.34060178466
1615692049.67, -0.125608246838, 0.0828822310209, -0.164466814107, 0.290363776982, 4.31375893086
1615692049.69, -0.129137953846, 0.077735423824, -0.170042190615, 0.279235718883, 4.28970681102
1615692049.71, -0.132479749618, 0.0720108233901, -0.182157032979, 0.270368026219, 4.26286749786
1615692049.73, -0.135251719466, 0.0665655075182, -0.187332616963, 0.259836443241, 4.23711603861
1615692049.75, -0.137632816013, 0.0611163327112, -0.196677520372, 0.253594721593, 4.21321247793
1615692049.77, -0.139865751911, 0.0549574410981, -0.204575258374, 0.244127631224, 4.18688526769
1615692049.79, -0.141672457278, 0.0488760146751, -0.2090069671, 0.23290453414, 4.16174678489
1615692049.81, -0.142990174047, 0.0431247627512, -0.216429251085, 0.222924274346, 4.13743953369
1615692049.83, -0.144087033735, 0.0365175747516, -0.222456656441, 0.214776065687, 4.10906512888
1615692049.85, -0.14467100356, 0.0304422550996, -0.22815218744, 0.202363740528, 4.0826478448
1615692049.87, -0.14479729702, 0.0243643706555, -0.235727079818, 0.189323328572, 4.0565087045
1615692049.89, -0.144613736642, 0.0183297946354, -0.24168222714, 0.184074728954, 4.03107138866
1615692049.91, -0.144018595488, 0.012383083398, -0.248525189334, 0.172609740878, 4.00559250578
1615692049.93, -0.143226903844, 0.00708296650312, -0.25313027384, 0.166203287923, 3.98311749612
1615692049.95, -0.141847483236, 0.00109105908779, -0.257513299618, 0.150456245298, 3.95734742862
1615692049.97, -0.140068367531, -0.00488310568722, -0.264227406352, 0.141618673594, 3.93094036815
1615692049.99, -0.13797867555, -0.0105428033288, -0.267275494486, 0.130536745546, 3.90436965911
1615692050.01, -0.135561311678, -0.016016326581, -0.272607113603, 0.121218352496, 3.87809628601
1615692050.03, -0.132655496331, -0.0213207189968, -0.276784389337, 0.103965668605, 3.85191251001
1615692050.05, -0.129742772779, -0.0262382569074, -0.279623254294, 0.101864634371, 3.82829024439
1615692050.07, -0.126251613673, -0.031093289072, -0.284334505359, 0.0838295702223, 3.80226728853
1615692050.09, -0.122447282604, -0.0358648853115, -0.286238003007, 0.0774351056975, 3.77510161857
1615692050.11, -0.118478885218, -0.0400175407973, -0.292787026187, 0.0592786011106, 3.74991296215
1615692050.13, -0.114471333258, -0.0439496225903, -0.293352664094, 0.0570249394487, 3.72548967235
1615692050.15, -0.109855916241, -0.0477914056228, -0.296487769218, 0.0403809385732, 3.7004035686
1615692050.17, -0.104944030295, -0.051506416728, -0.298199274309, 0.0340711161203, 3.67537036542
1615692050.19, -0.0997413901104, -0.0547563687511, -0.298187701087, 0.015002329107, 3.64968791667
1615692050.21, -0.0944318159713, -0.0575387678862, -0.302015736981, 0.0, 3.62428233843
1615692050.23, -0.0889662987064, -0.0599372963535, -0.304108484211, -0.0132853250462, 3.59879191113
1615692050.25, -0.0835219371324, -0.0619868219105, -0.301854098013, -0.0215890440074, 3.57303312463
1615692050.27, -0.0772903047753, -0.0638289690501, -0.309094270757, -0.0362892056219, 3.54588914543
1615692050.29, -0.0710375008129, -0.0652896391616, -0.306116888829, -0.045914193882, 3.51995903918
1615692050.31, -0.0649416045452, -0.0662320181126, -0.307432453534, -0.062640733599, 3.49597384406
1615692050.33, -0.0591243396224, -0.0668674723156, -0.302950543914, -0.0686310165375, 3.47317879563
1615692050.35, -0.0527118306508, -0.0670688918394, -0.304549858209, -0.0856748844129, 3.44722176523
1615692050.37, -0.0465278486762, -0.0668595545071, -0.298555941918, -0.096770616348, 3.42119787151
1615692050.39, -0.0401116392178, -0.0661309789351, -0.296749240456, -0.113613792117, 3.39416949979
1615692050.41, -0.033765491585, -0.0652155409398, -0.30041850723, -0.116511260147, 3.36830094019
1615692050.43, -0.0273514444418, -0.0637521119639, -0.295675395701, -0.133700985839, 3.34194483899
1615692050.45, -0.0212742015314, -0.0621040860114, -0.293262452434, -0.138029371274, 3.31668965969
1615692050.47, -0.0146531576166, -0.0596975844277, -0.292922581362, -0.1588336687, 3.28983931207
1615692050.49, -0.00823206300932, -0.0570368337245, -0.290177534119, -0.163991029533, 3.26314741831
1615692050.51, -0.00321244638844, -0.0545145164582, -0.287075298829, -0.182276676232, 3.24167138711
1615692050.53, 0.00295045238606, -0.0512310123903, -0.283290399254, -0.178681819488, 3.2147761913
1615692050.55, 0.00893432351067, -0.0472377866103, -0.280388469259, -0.206864083773, 3.1887621116
1615692050.57, 0.014567719917, -0.0432825027276, -0.279028466071, -0.205624884573, 3.16453432924
1615692050.59, 0.0200601615901, -0.0387031641042, -0.268184208038, -0.222272328907, 3.13866654814
1615692050.61, 0.0250735579814, -0.0340706404401, -0.263884084101, -0.230823905941, 3.11432907814
1615692050.63, 0.0303062154477, -0.0286988222955, -0.261425754657, -0.241271909113, 3.088400656
1615692050.65, 0.0348162891905, -0.0235270171316, -0.260124731293, -0.256053685842, 3.0654646316
1615692050.67, 0.0395457492728, -0.0174693899098, -0.254371953431, -0.265900180952, 3.0412380432
1615692050.69, 0.0436463874718, -0.0115684594527, -0.245279116507, -0.273677090835, 3.01816556574
1615692050.71, 0.0475759920757, -0.00512584384129, -0.235897579947, -0.281780355541, 2.99229117594
1615692050.73, 0.0511083295859, 0.00144575318225, -0.232534661415, -0.294378512911, 2.9662379955
1615692050.75, 0.0540061973075, 0.00771284111299, -0.22477267184, -0.306709014108, 2.94226948962
1615692050.77, 0.0570138099136, 0.0152259107659, -0.22115394551, -0.318137454691, 2.91490765324
1615692050.79, 0.0594569580667, 0.0225614763465, -0.21043033675, -0.325634313328, 2.88938183436
1615692050.81, 0.0616398345814, 0.0307412985823, -0.202974483322, -0.338773082886, 2.86258537436
1615692050.83, 0.0633670648357, 0.0383219882821, -0.200262321645, -0.344278977214, 2.8387697568
