current_time, x_position, y_position, U_velocity, V_velocity
1615693567.47, 0.0, 0.0, 0.0, 0.0, 6.28315440812
1615693567.49, 0.0, 0.0, 0.0, 0.0, 0.000326519
1615693567.51, 0.0, 0.0, 0.0, 0.0, 0.00073904036
1615693567.53, 0.0, 0.0, 0.0, 0.0, 0.00113810062
1615693567.55, 0.0, 0.0, 0.0, 0.0, 0.00150943756
1615693567.57, 0.0, 0.0, 0.0, 0.0, 0.00193634032
1615693567.59, 0.0, 0.0, 0.0, 0.0, 0.0023186779
1615693567.61, 0.0, 0.0, 0.0, 0.0, 0.00273573874
1615693567.63, 0.0, 0.0, 0.0, 0.0, 0.0031354618
1615693567.65, 0.0, 0.0, 0.0, 0.0, 0.00350771904
1615693567.67, 0.0, 0.0, 0.0, 0.0, 0.00395515918
1615693567.68, 0.0, 0.0, 0.0, 0.0, 0.004294281
1615693567.71, 0.0, 0.0, 0.0, 0.0, 0.00474453926
1615693567.73, 0.0, 0.0, 0.0, 0.0, 0.0051338005
1615693567.75, 0.0, 0.0, 0.0, 0.0, 0.00553574084
1615693567.77, 0.0, 0.0, 0.0, 0.0, 0.00594716072
1615693567.79, 0.0, 0.0, 0.0, 0.0, 0.00632601738
1615693567.81, 0.0, 0.0, 0.0, 0.0, 0.00672976016
1615693567.83, 0.0, 0.0, 0.0, 0.0, 0.00709805964
1615693567.85, 0.0, 0.0, 0.0, 0.0, 0.00755650042
1615693567.87, 0.0, 0.0, 0.0, 0.0, 0.00792361736
1615693567.89, 0.0, 0.0, 0.0, 0.0, 0.00831481932
1615693567.91, 0.0, 0.0, 0.0, 0.0, 0.00870646
1615693567.93, 0.0, 0.0, 0.0, 0.0, 0.00910470008
1615693567.94, 0.0, 0.0, 0.0, 0.0, 0.00948428154
1615693567.97, 0.0, 0.0, 0.0, 0.0, 0.00991104126
1615693567.99, 0.0, 0.0, 0.0, 0.0, 0.01031270026
1615693568.01, 0.0, 0.0, 0.0, 0.0, 0.01069139956
1615693568.03, 0.0, 0.0, 0.0, 0.0, 0.01108548164
1615693568.05, 0.0, 0.0, 0.0, 0.0, 0.01153396128
1615693568.07, 0.0, 0.0, 0.0, 0.0, 0.01193881988
1615693568.09, 0.0, 0.0, 0.0, 0.0, 0.01230780124
1615693568.11, 0.0, 0.0, 0.0, 0.0, 0.01269659996
1615693568.13, 0.0, 0.0, 0.0, 0.0, 0.01313215732
1615693568.15, 0.0, 0.0, 0.0, 0.0, 0.01353211878
1615693568.17, 0.0, 0.0, 0.0, 0.0, 0.01391027926
1615693568.19, 0.0, 0.0, 0.0, 0.0, 0.01430575846
1615693568.21, 0.0, 0.0, 0.0, 0.0, 0.01472157954
1615693568.23, 0.0, 0.0, 0.0, 0.0, 0.01511020182
1615693568.25, 0.0, 0.0, 0.0, 0.0, 0.01551003932
1615693568.27, 0.0, 0.0, 0.0, 0.0, 0.01589273928
1615693568.29, 0.0, 0.0, 0.0, 0.0, 0.01630568026
1615693568.3, 0.0, 0.0, 0.0, 0.0, 0.01667873858
1615693568.33, 0.0, 0.0, 0.0, 0.0, 0.0171135807
1615693568.35, 0.0, 0.0, 0.0, 0.0, 0.01750212192
1615693568.37, 0.0, 0.0, 0.0, 0.0, 0.01788762092
1615693568.39, 0.0, 0.0, 0.0, 0.0, 0.01830378054
1615693568.41, 0.0, 0.0, 0.0, 0.0, 0.01870932102
1615693568.43, 0.0, 0.0, 0.0, 0.0, 0.01890911102
1615693568.45, 0.0, 0.0, 0.0, 0.0, 0.01910686969
1615693568.46, 0.0, 0.0, 0.0, 0.0, 0.01910686969
1615693568.49, 0.0, 0.0, 0.0, 0.0, 0.01910686969
1615693568.5, 0.0, 0.0, 0.0, 0.0, 0.01910686969
1615693568.53, 0.0, 0.0, 0.0, 0.0, 0.01890545844
1615693568.55, 0.0, 0.0, 0.0, 0.0, 0.01870665788
1615693568.56, 0.0, 0.0, 0.0, 0.0, 0.0183362603
1615693568.59, 0.0, 0.0, 0.0, 0.0, 0.0183362603
1615693568.61, 0.0, 0.0, 0.0, 0.0, 0.01813842057
1615693568.62, 0.0, 0.0, 0.0, 0.0, 0.01755575892
1615693568.64, 0.0, 0.0, 0.0, 0.0, 0.01698083637
1615693568.67, 0.0, 0.0, 0.0, 0.0, 0.01613356349
1615693568.69, 0.0, 0.0, 0.0, 0.0, 0.01511960504
1615693568.7, 0.0, 0.0, 0.0, 0.0, 0.01404423236
1615693568.73, 0.0, 0.0, 0.0, 0.0, 0.01296913146
1615693568.74, 0.0, 0.0, 0.0, 0.0, 0.01203678366
1615693568.77, 0.0, 0.0, 0.0, 0.0, 0.01116870162
1615693568.78, 0.0, 0.0, 0.0, 0.0, 0.01039478538
1615693568.8, 0.0, 0.0, 0.0, 0.0, 0.00925867314
1615693568.82, 0.0, 0.0, 0.0, 0.0, 0.00798331494
1615693568.84, 0.0, 0.0, 0.0, 0.0, 0.00707571504
1615693568.86, 0.0, 0.0, 0.0, 0.0, 0.00575709816
1615693568.89, 0.0, 0.0, 0.0, 0.0, 0.00427163362
1615693568.9, 0.0, 0.0, 0.0, 0.0, 0.00358319518
1615693568.93, 0.0, 0.0, 0.0, 0.0, 0.00227560756
1615693568.94, 0.0, 0.0, 0.0, 0.0, 0.00082489724
1615693568.97, 0.0, 0.0, 0.0, 0.0, 6.28248777309
1615693568.98, 0.0, 0.0, 0.0, 0.0, 6.28119942582
1615693569.01, 0.0, 0.0, 0.0, 0.0, 6.27964079539
1615693569.03, 0.0, 0.0, 0.0, 0.0, 6.27865544714
1615693569.04, 0.0, 0.0, 0.0, 0.0, 6.27756129182
1615693569.06, 0.0, 0.0, 0.0, 0.0, 6.2759494487
1615693569.08, 0.0, 0.0, 0.0, 0.0, 6.2747433845
1615693569.11, 0.0, 0.0, 0.0, 0.0, 6.2738753883
1615693569.13, 0.0, 0.0, 0.0, 0.0, 6.27309674182
1615693569.14, 0.0, 0.0, 0.0, 0.0, 6.27183674966
1615693569.16, 0.0, 0.0, 0.0, 0.0, 6.27046824371
1615693569.18, 0.0, 0.0, 0.0, 0.0, 6.26892713701
1615693569.2, 0.0, 0.0, 0.0, 0.0, 6.26719859278
1615693569.22, 0.0, 0.0, 0.0, 0.0, 6.26548337377
1615693569.24, 0.0, 0.0, 0.0, 0.0, 6.26369839585
1615693569.26, 0.0, 0.0, 0.0, 0.0, 6.26227341334
1615693569.28, 0.0, 0.0, 0.0, 0.0, 6.26207601229
1615693569.3, 0.000218394799428, 4.46889682561e-06, 0.0100868190732, 0.0, 6.26272569337
1615693569.32, 0.000218394799428, 4.46889682561e-06, 0.0, 0.0, 6.26406045358
1615693569.34, 0.000218394799428, 4.46889682561e-06, 0.0, 0.0, 6.26569718044
1615693569.36, 0.000218394799428, 4.46889682561e-06, 0.0, 0.0, 6.26865595976
1615693569.38, 0.000218394799428, 4.46889682561e-06, 0.0, 0.0, 6.27354693584
1615693569.4, 0.000218394799428, 4.46889682561e-06, 0.0, 0.0, 6.28119053024
1615693569.42, 0.000218394799428, 4.46889682561e-06, 0.0, 0.0, 0.01061508674
1615693569.44, 0.000224339889531, 0.000231056129441, 0.0, 0.0111761925969, 0.02623151526
1615693569.46, 0.000233651525929, 0.000448294981728, 0.0, 0.0107371457823, 0.04283736478
1615693569.48, 0.000261474034972, 0.000918397326792, 0.0, 0.0234339694045, 0.05911498303
1615693569.5, 0.000295641161735, 0.00138067491063, 0.0, 0.0240285418436, 0.07377626691
1615693569.52, 0.000345186146076, 0.00194972925943, 0.0, 0.0270958644447, 0.08684646831
1615693569.54, 0.000379904273686, 0.00231124203634, 0.0, 0.0183719162442, 0.09574206831
1615693569.56, 0.000432432930882, 0.00281861691392, 0.0, 0.0247459320136, 0.10316273211
1615693569.58, 0.00047573683078, 0.00322055458009, 0.0, 0.0204019340546, 0.10732387539
1615693569.6, 0.000525413624974, 0.00367168032527, 0.0, 0.0231592280821, 0.10967552187
1615693569.62, 0.000571100202339, 0.00408059155419, 0.0, 0.0206969001513, 0.11126592635
1615693569.64, 0.000619702517293, 0.00450963294465, 0.0, 0.0225124874129, 0.11280031203
1615693569.66, 0.000666005321231, 0.00491389881266, 0.0, 0.0197164988426, 0.11403859137
1615693569.68, 0.000715266950792, 0.00534053210557, 0.0, 0.0233837298407, 0.11495689632
1615693569.7, 0.00075909159645, 0.00571727982645, 0.0, 0.0179280953581, 0.1158031392
1615693569.72, 0.000806005158194, 0.00611719510959, 0.0, 0.0207149380538, 0.11677504065
1615693569.74, 0.000847927240665, 0.00647135246995, 0.0, 0.0170141309862, 0.117823081
1615693569.76, 0.000897027709738, 0.00688358076766, 0.0, 0.0228011472377, 0.11855136396
1615693569.78, 0.000952573862721, 0.00734672330181, 0.0, 0.0229874120976, 0.11936304568
1615693569.8, 0.00100088887141, 0.00774289498421, 0.0, 0.0180282354272, 0.12135545497
1615693569.82, 0.00106606108796, 0.0082670975942, 0.0, 0.0293938718287, 0.12369168991
1615693569.84, 0.0010997150133, 0.00853307363801, 0.0, 0.0123581351281, 0.12586108441
1615693569.86, 0.00116081740564, 0.00900624570912, 0.0, 0.0242109346472, 0.12842286584
1615693569.88, 0.00116081740564, 0.00900624570912, 0.0, 0.0, 0.13164254664
1615693569.9, 0.00156376165686, 0.00940328782634, 0.0166969118849, 0.0215555973222, 0.13371726514
1615693569.92, 0.00156376165686, 0.00940328782634, 0.0, 0.0, 0.13495259764
1615693569.94, 0.00176450932241, 0.00937556507312, 0.0115702823077, 0.0, 0.13722954036
1615693569.96, 0.0020019838493, 0.00934202314655, 0.0108781768199, 0.0, 0.14031612638
1615693569.98, 0.00223026608428, 0.00930951049673, 0.0119734979446, 0.0, 0.1414716077
1615693570.0, 0.00252351578027, 0.00926750530982, 0.0147943436374, 0.0, 0.14227257014
1615693570.02, 0.00294010808089, 0.00942917243159, 0.018968156799, 0.0107019296818, 0.14350365404
1615693570.04, 0.00326895559449, 0.00938159330439, 0.0180859417728, 0.0, 0.14368737224
1615693570.06, 0.00388853044457, 0.00958336862504, 0.026626412026, 0.0131648705325, 0.1443454862
1615693570.08, 0.0042665350892, 0.0095279333266, 0.0210751108535, 0.0, 0.14561444046
1615693570.1, 0.00477867126276, 0.00945253394252, 0.0276954160392, 0.0, 0.14617517235
1615693570.12, 0.00545236716966, 0.00935288543682, 0.0303462179779, 0.0, 0.14684842827
1615693570.14, 0.00607664918024, 0.0092602086545, 0.0358184163827, 0.0, 0.14737703088
1615693570.16, 0.00664327970145, 0.00897365119261, 0.0307194782154, -0.0101886008903, 0.14796560052
1615693570.18, 0.00759354418113, 0.00883180517808, 0.0456713515674, 0.0, 0.14817597153
1615693570.2, 0.00827097528615, 0.00873068501162, 0.0346700822397, 0.0, 0.14817597153
1615693570.22, 0.00911942349018, 0.00860370162077, 0.0443608441916, 0.0, 0.14856275321
1615693570.24, 0.0100417310652, 0.00846486056463, 0.0437909927798, 0.0, 0.14941470865
1615693570.26, 0.010865340295, 0.00834087722285, 0.0453392553825, 0.0, 0.14941470865
1615693570.28, 0.0117360532701, 0.00785552551207, 0.0443917073572, -0.0166213014486, 0.15025590661
1615693570.3, 0.0126538815157, 0.00771490918536, 0.0472802387765, 0.0, 0.15202341805
1615693570.32, 0.0136089504828, 0.00756683419339, 0.0485108200486, 0.0, 0.15381648544
1615693570.34, 0.0146073428045, 0.00741032047377, 0.0480181272186, 0.0, 0.15550015936
1615693570.36, 0.0155915791349, 0.00725444118009, 0.0507410194403, 0.0, 0.15707128056
1615693570.38, 0.0167215550088, 0.00707382417499, 0.0560389681141, 0.0, 0.15850068574
1615693570.4, 0.0177853325439, 0.00690209858174, 0.0556672580278, 0.0, 0.16004924302
1615693570.42, 0.0190675277408, 0.00669346339907, 0.0621438284808, 0.0, 0.16130348686
1615693570.44, 0.0202029250596, 0.0065071757738, 0.0610059362933, 0.0, 0.162623694
1615693570.46, 0.0214191899269, 0.00630521189781, 0.0639680057868, 0.0, 0.1645510937
1615693570.48, 0.0228971557337, 0.00605650316149, 0.0692358044038, 0.0, 0.1667157913
1615693570.5, 0.024140378583, 0.0058456394371, 0.0681167710531, 0.0, 0.16801163207
1615693570.52, 0.0255857591175, 0.00559741570961, 0.0710126433349, 0.0, 0.17007681377
1615693570.54, 0.0270542814231, 0.00534150936676, 0.0729567923315, 0.0, 0.17252865317
1615693570.56, 0.0284245120678, 0.0050995916753, 0.0751100161027, 0.0, 0.17475166805
1615693570.58, 0.0298942071349, 0.00483800942652, 0.0752913028413, 0.0, 0.17613955028
1615693570.6, 0.0314880579745, 0.00455231977442, 0.0795115457357, 0.0, 0.17736145028
1615693570.62, 0.0331739107368, 0.00424749434552, 0.0789162194529, 0.0, 0.17888107783
1615693570.64, 0.034935894499, 0.00392700708329, 0.0859386210273, 0.0, 0.17992303853
1615693570.66, 0.0365090674333, 0.00343013454875, 0.0824264542427, -0.0104246422512, 0.18012160783
1615693570.68, 0.0381949940442, 0.00312211597079, 0.0878533539334, 0.0, 0.18070684438
1615693570.7, 0.0397243632689, 0.00284129129933, 0.0872131064321, 0.0, 0.18159830338
1615693570.72, 0.041790449264, 0.00245948753172, 0.0924849036471, 0.0, 0.18273420103
1615693570.74, 0.0435712687781, 0.00212894881184, 0.0919695942859, 0.0, 0.18352195507
1615693570.76, 0.0453556906325, 0.00179598459294, 0.0953772909723, 0.0, 0.18447355517
1615693570.78, 0.0472527437374, 0.0014392159714, 0.0951689101956, 0.0, 0.18589336398
1615693570.8, 0.0489571648143, 0.00111651481804, 0.0992384159754, 0.0, 0.18711697343
1615693570.82, 0.0511125845891, 0.000706435155614, 0.0984777853718, 0.0, 0.18800817255
1615693570.84, 0.0530189652542, 0.000341117099265, 0.102495576079, 0.0, 0.1893338371
1615693570.86, 0.0550467337758, -5.12943138281e-05, 0.102014525513, 0.0, 0.19115597971
1615693570.88, 0.0571801038065, -0.000467409805769, 0.103067463788, 0.0, 0.19263219837
1615693570.9, 0.0592571371493, -0.00064636540281, 0.112542134462, 0.0120313762156, 0.1924480081
1615693570.92, 0.0612473778989, -0.00103378285038, 0.104698673248, 0.0, 0.19225434784
1615693570.94, 0.0637449801163, -0.00152171458079, 0.112972307102, 0.0, 0.19293012862
1615693570.96, 0.0659376079252, -0.00172856139619, 0.115681266694, 0.0116077390321, 0.19406671294
1615693570.98, 0.0680091848324, -0.00213733966414, 0.111508894279, 0.0, 0.19482414966
1615693571.0, 0.0702097568832, -0.00257511038383, 0.116018596903, 0.0, 0.19637127646
1615693571.02, 0.0726863804639, -0.00307383539433, 0.11855264539, 0.0, 0.19871536029
1615693571.04, 0.0752120499533, -0.0033020324089, 0.117190466827, 0.0130333115888, 0.20086606269
1615693571.06, 0.0773625523803, -0.00374281653265, 0.118040335879, 0.0, 0.20216786151
1615693571.08, 0.0797750061144, -0.00384706495891, 0.120203983259, 0.0194685781108, 0.20375426063
1615693571.1, 0.0819961297033, -0.00430813777256, 0.122727220491, 0.0, 0.20467845448
1615693571.12, 0.0846958161759, -0.00439763674844, 0.11978324322, 0.0208610923773, 0.20556709776
1615693571.14, 0.0871523913033, -0.00491242612411, 0.125553702805, 0.0, 0.20656664381
1615693571.16, 0.0893911369437, -0.00538461109913, 0.123037610121, 0.0, 0.20786835919
1615693571.18, 0.0922034291175, -0.00598102954464, 0.129392426757, 0.0, 0.20897925864
1615693571.2, 0.0943385816034, -0.006436844041, 0.129901471728, 0.0, 0.21032382496
1615693571.22, 0.0970565958741, -0.00702627611238, 0.129129447962, 0.0, 0.21355452781
1615693571.24, 0.0995339148613, -0.00756940914472, 0.133898367762, 0.0, 0.21582743893
1615693571.26, 0.102062443112, -0.00812738580675, 0.132862377467, 0.0, 0.21719167243
1615693571.28, 0.104852428688, -0.00874799540932, 0.135573239858, 0.0, 0.21887824539
1615693571.3, 0.107399073638, -0.00931798005802, 0.139367860136, 0.0, 0.22018898972
1615693571.32, 0.110315657114, -0.0099741178714, 0.136512151019, 0.0, 0.22128393897
1615693571.34, 0.11316468652, -0.0109084504944, 0.139873470147, -0.0133542048421, 0.22171071775
1615693571.36, 0.115677904671, -0.0114778299374, 0.142859723669, 0.0, 0.22279299985
1615693571.38, 0.118405030946, -0.0120939724024, 0.14154816441, 0.0, 0.2222004391
1615693571.4, 0.121009107896, -0.0126712328772, 0.144804273356, 0.0, 0.21814804328
1615693571.42, 0.124093033774, -0.0133276331713, 0.138356568366, 0.0, 0.20971611254
1615693571.44, 0.126710991512, -0.0138597208449, 0.145157667938, 0.0, 0.20051410904
1615693571.46, 0.129483638367, -0.0143913611484, 0.145381478475, 0.0, 0.18944530469
1615693571.48, 0.132558611602, -0.0152810383726, 0.147993532837, -0.0155793357065, 0.17675376867
1615693571.5, 0.134979365864, -0.0160252330297, 0.131779501064, -0.0173404575134, 0.16741734003
1615693571.52, 0.137820167775, -0.0168012560487, 0.147467204294, -0.0156605512916, 0.1608641601
1615693571.54, 0.140990778681, -0.01728887341, 0.143575131079, 0.0, 0.15259727933
1615693571.56, 0.143435525513, -0.0180413780796, 0.134745657751, -0.0206676427902, 0.14640515306
1615693571.58, 0.146195965896, -0.0184379178893, 0.142044971776, 0.0, 0.1426748728
1615693571.6, 0.148810576013, -0.0188058647517, 0.138203562714, 0.0, 0.1398091291
1615693571.62, 0.151566633829, -0.0191854101581, 0.131727806055, 0.0, 0.13685235248
1615693571.64, 0.15405882186, -0.0195242755499, 0.132367745634, 0.0, 0.13514226185
1615693571.66, 0.156554759272, -0.0198641794958, 0.121109488893, 0.0, 0.13535025345
1615693571.68, 0.158947713041, -0.0199643227056, 0.120328933617, 0.0111664678558, 0.1343593024
1615693571.7, 0.161158500862, -0.0202615462263, 0.124223508318, 0.0, 0.13364102352
1615693571.72, 0.163558278849, -0.0205836392805, 0.109799171812, 0.0, 0.13342050302
1615693571.74, 0.165660498584, -0.0208669417646, 0.118736637361, 0.0, 0.13395645131
1615693571.76, 0.168075677046, -0.0211934809504, 0.112945814025, 0.0, 0.13438801277
1615693571.78, 0.170455848921, -0.0217267818138, 0.117895022742, -0.0101677673862, 0.13438801277
1615693571.8, 0.172743204711, -0.0220364678107, 0.125379079595, 0.0, 0.13457211245
1615693571.82, 0.175225530705, -0.0223725508998, 0.120978527455, 0.0, 0.13457211245
1615693571.84, 0.17767481678, -0.0227001305968, 0.122319805472, 0.0, 0.13295595877
1615693571.86, 0.18031620924, -0.0230395039953, 0.128695539533, 0.0, 0.12778269277
1615693571.88, 0.182699839314, -0.0233236277207, 0.131253329588, 0.0, 0.11863814827
1615693571.9, 0.185422108785, -0.0239559366792, 0.131310167409, -0.0167251526006, 0.10153668388
1615693571.92, 0.188242202653, -0.0247068279991, 0.133270818374, -0.0246379494574, 0.07741970932
1615693571.94, 0.190878676591, -0.0255778148958, 0.132865424237, -0.0368932447303, 0.04822233822
1615693571.96, 0.193392614541, -0.0263353697055, 0.13845038517, -0.0390554766834, 0.01774167357
1615693571.98, 0.196252469918, -0.027420138305, 0.134889626705, -0.0542614190689, 6.26327056817
1615693572.0, 0.198875179561, -0.0283098419392, 0.138022644053, -0.055090048228, 6.23047122929
1615693572.02, 0.2018505362, -0.0292859956491, 0.14287828115, -0.0608121793049, 6.19780243727
1615693572.04, 0.204480617628, -0.0301224040446, 0.140698616756, -0.0624690544186, 6.17324123482
1615693572.06, 0.207446251861, -0.0309492332701, 0.143629821227, -0.0610917057803, 6.1529243983
1615693572.08, 0.210398411247, -0.031458545368, 0.145936832887, -0.0476722680386, 6.1382895508
1615693572.1, 0.213580594286, -0.0326228524044, 0.142350854664, -0.0796222613366, 6.12395490982
1615693572.12, 0.21675464435, -0.0333381064648, 0.152760960102, -0.0635524623224, 6.11058270846
1615693572.14, 0.220024931029, -0.0342888742774, 0.15058930979, -0.0772241425705, 6.09226990577
1615693572.16, 0.223296593616, -0.0351798253551, 0.152786124856, -0.0798481732961, 6.06748689521
1615693572.18, 0.22689634143, -0.0361480337724, 0.160403591301, -0.089573036084, 6.03664588849
1615693572.19, 0.229984897443, -0.0370196174863, 0.156237023389, -0.0962978081421, 6.00587078017
1615693572.21, 0.233706064508, -0.038024244466, 0.162053165687, -0.106171805858, 5.96687642925
1615693572.24, 0.238230175091, -0.0391714929947, 0.172009239817, -0.12022783807, 5.92150698429
1615693572.26, 0.242224795043, -0.0401518032949, 0.168651751417, -0.126338336682, 5.88090727709
1615693572.28, 0.246509581409, -0.0409901679955, 0.174665570374, -0.129257907306, 5.83931484161
1615693572.29, 0.250470393452, -0.0416549253008, 0.178384705549, -0.133879518931, 5.80564167681
1615693572.32, 0.255492330816, -0.0423798494289, 0.178577038399, -0.13796045103, 5.76876624729
1615693572.34, 0.26004368983, -0.0427628595297, 0.187878104644, -0.135713966375, 5.74157063559
1615693572.35, 0.264090756888, -0.0430034666452, 0.187891091193, -0.134077735688, 5.72277709353
1615693572.38, 0.269312932507, -0.0432388264783, 0.187483941732, -0.134664563272, 5.70533971203
1615693572.4, 0.274034563709, -0.0433011280604, 0.194362691884, -0.133670894739, 5.69392953012
1615693572.42, 0.27874014426, -0.0432331653543, 0.195636066854, -0.129028265188, 5.68569630249
1615693572.43, 0.282839743144, -0.0432771402023, 0.19223968552, -0.135398534559, 5.68029113412
1615693572.46, 0.288186128036, -0.042969246033, 0.201914824322, -0.123952657948, 5.67509243607
1615693572.48, 0.292933220353, -0.0428367780082, 0.200963026535, -0.132913062094, 5.67095332263
1615693572.5, 0.297554755443, -0.0425134739431, 0.201792929586, -0.122644857512, 5.66722571491
1615693572.51, 0.302370221049, -0.0422822521882, 0.204580381144, -0.131691084055, 5.66326272131
1615693572.53, 0.306633997474, -0.0418760775101, 0.210247956962, -0.122606508039, 5.66027107593
1615693572.55, 0.311669089557, -0.0416068296148, 0.207655547869, -0.134508224654, 5.65497227073
1615693572.57, 0.31685869386, -0.0413437107131, 0.211530482775, -0.140331048822, 5.64678421353
1615693572.6, 0.32293664302, -0.041107776112, 0.209984039752, -0.147996533397, 5.63044717185
1615693572.62, 0.328279057702, -0.0407345061645, 0.22232019948, -0.152444056079, 5.61236825372
1615693572.64, 0.333146515894, -0.0403890611867, 0.220558211244, -0.158093195092, 5.5904302064
1615693572.66, 0.339267697724, -0.0395085032806, 0.229112284339, -0.152180425225, 5.55400602272
1615693572.67, 0.343835292165, -0.0388689712041, 0.232922638851, -0.166245200295, 5.52418939512
1615693572.7, 0.350252029144, -0.0373171473228, 0.248050695836, -0.15720447202, 5.481027774
1615693572.71, 0.355743277025, -0.0362944741278, 0.249956319927, -0.191065195293, 5.446407786
1615693572.74, 0.361840081652, -0.0344832424905, 0.248272907321, -0.167104056005, 5.40199078205
1615693572.75, 0.367658973576, -0.0328997443958, 0.257851385771, -0.199170444878, 5.35979046497
1615693572.77, 0.373648428876, -0.0308367416662, 0.265971581883, -0.196280136269, 5.31571306717
1615693572.79, 0.380133553092, -0.0282307408873, 0.270238959121, -0.198499138556, 5.26756346875
1615693572.82, 0.387019760702, -0.0246467520942, 0.275880299759, -0.184261630522, 5.21444585465
1615693572.84, 0.392960769813, -0.0213531760623, 0.287074585894, -0.198018049359, 5.17315231869
1615693572.85, 0.397947372512, -0.0182571013399, 0.290699523628, -0.193385885841, 5.14053872261
1615693572.88, 0.405312239672, -0.0134596697972, 0.295116120806, -0.205415707644, 5.09776028936
1615693572.9, 0.410809261105, -0.00937013731017, 0.304841553162, -0.197407533645, 5.06889667412
1615693572.92, 0.416982455588, -0.00453866104608, 0.305024304417, -0.19795247958, 5.04345817866
1615693572.94, 0.421953132161, -0.000231999358093, 0.30954365771, -0.186308038153, 5.02743868242
1615693572.96, 0.427603230444, 0.00460540241592, 0.312006697931, -0.195615290006, 5.01511798233
1615693572.98, 0.43322585026, 0.0100003879251, 0.312223246934, -0.175566754163, 5.00619883167
1615693573.0, 0.438280604069, 0.014813496255, 0.315540229004, -0.181431462326, 5.00044602987
1615693573.01, 0.442569265447, 0.0190164782246, 0.31562661116, -0.176996831487, 4.99679536439
1615693573.04, 0.448441712025, 0.024801281592, 0.317389564027, -0.178896064655, 4.99204407071
1615693573.06, 0.453456853117, 0.0298404278768, 0.322802400134, -0.180110445802, 4.98646650419
1615693573.07, 0.458150099452, 0.0346643713797, 0.326526548141, -0.181880064701, 4.9758424916
1615693573.09, 0.46344699252, 0.0400293387047, 0.327315915376, -0.193455649187, 4.9575997794
1615693573.11, 0.468429007793, 0.0454594866471, 0.336412465697, -0.193030187728, 4.9338497119
1615693573.14, 0.474120039446, 0.0519294536903, 0.339219700975, -0.200127990345, 4.90081392586
1615693573.15, 0.478718969427, 0.0573612205344, 0.343288452827, -0.208763032658, 4.868574404
1615693573.18, 0.484582513045, 0.0654702845044, 0.357360419254, -0.20379227524, 4.82016786494
1615693573.19, 0.488626749285, 0.0713564943703, 0.358899471811, -0.210413121646, 4.78411897514
1615693573.22, 0.493809344395, 0.0799405228692, 0.36947921998, -0.212990720069, 4.73262794261
1615693573.24, 0.497534104097, 0.0867982954917, 0.379871583307, -0.21553672938, 4.69385429147
1615693573.25, 0.50063026621, 0.093761408055, 0.394732435778, -0.201761427813, 4.65827103494
1615693573.27, 0.504413225489, 0.102494696239, 0.386696113799, -0.215415131567, 4.6129037899
1615693573.29, 0.507452618381, 0.111038691181, 0.398601597394, -0.210925593649, 4.56745758776
1615693573.31, 0.509909033243, 0.119197204759, 0.406718481945, -0.211239810698, 4.52581391128
1615693573.33, 0.512242197845, 0.12875012326, 0.411814101424, -0.211657727028, 4.47717868976
1615693573.35, 0.513756769483, 0.137087321661, 0.420921920703, -0.207163481915, 4.43473271951
1615693573.37, 0.514947468491, 0.147025210458, 0.422392325009, -0.202970579084, 4.38368706844
1615693573.4, 0.515158555619, 0.157235385721, 0.433031580743, -0.183183790294, 4.33286242522
1615693573.42, 0.515212003701, 0.167868744924, 0.439888738539, -0.201875679719, 4.28716475658
1615693573.44, 0.514383769198, 0.177389877421, 0.445057328418, -0.174183897193, 4.25257015072
1615693573.46, 0.513654045006, 0.186167055569, 0.444327230857, -0.189498165036, 4.22631454288
1615693573.48, 0.511945510256, 0.195686943824, 0.459675155324, -0.157345074312, 4.20501405609
1615693573.5, 0.510561375876, 0.206205510353, 0.45180139926, -0.187883942143, 4.18745161665
1615693573.52, 0.508745127931, 0.214884977322, 0.456724605019, -0.156088384406, 4.17679582243
1615693573.54, 0.50698407847, 0.224738116328, 0.460367695307, -0.17732039945, 4.16786868663
1615693573.55, 0.505016591279, 0.233353095506, 0.463804374193, -0.156581235542, 4.16227260941
1615693573.58, 0.502981811537, 0.243946033277, 0.459667610503, -0.17596489714, 4.15701296189
1615693573.59, 0.501050504678, 0.252861385077, 0.465519965922, -0.167292842126, 4.15406240813
1615693573.62, 0.498816520218, 0.2629046358, 0.464914851747, -0.165699324509, 4.15114398339
1615693573.64, 0.496556804112, 0.27306770956, 0.465039202117, -0.167446881977, 4.14798437694
1615693573.65, 0.494590891795, 0.28158388528, 0.466025351002, -0.164762774375, 4.14568570719
1615693573.68, 0.492104547525, 0.292435173627, 0.469886358796, -0.168525539842, 4.14278658252
1615693573.7, 0.489585441655, 0.302327362352, 0.467795419214, -0.156656022978, 4.13988972058
1615693573.72, 0.48742288259, 0.311353440769, 0.4713399626, -0.166600666855, 4.13747612342
1615693573.74, 0.484749252461, 0.321404705931, 0.474156069506, -0.155890689796, 4.13476718056
1615693573.75, 0.482606760176, 0.329946618719, 0.471301402783, -0.163535826593, 4.13264882188
1615693573.77, 0.479878057657, 0.33956094456, 0.475389891496, -0.149873651319, 4.1304433166
1615693573.79, 0.477494268951, 0.348696698995, 0.477666799606, -0.162754471506, 4.12875942578
1615693573.82, 0.474353347126, 0.359631884243, 0.47982282547, -0.150852141697, 4.12808082689
1615693573.83, 0.471865811075, 0.368849866293, 0.478102901273, -0.159127338023, 4.12751238455
1615693573.85, 0.468969815385, 0.378618969999, 0.481569321347, -0.147326042549, 4.12731005539
1615693573.87, 0.466197627442, 0.388433627821, 0.482525019668, -0.155100126755, 4.12610273233
1615693573.89, 0.463446938112, 0.397524839852, 0.483917139637, -0.146110332904, 4.12535113205
1615693573.92, 0.460160817191, 0.40815306807, 0.482120127534, -0.143547768417, 4.12313963285
1615693573.93, 0.457619320291, 0.416530704648, 0.484785582091, -0.147795045532, 4.12193045964
1615693573.95, 0.454073494908, 0.427162608467, 0.483276092667, -0.133461823245, 4.1210362946
1615693573.97, 0.451296835262, 0.436354859424, 0.480809143566, -0.147880794991, 4.12065451492
1615693573.99, 0.448030777163, 0.446105720007, 0.488795130933, -0.134610876651, 4.12045168509
1615693574.01, 0.444972362118, 0.45554917225, 0.47926724343, -0.137260489553, 4.12025257458
1615693574.03, 0.44174720985, 0.465252872381, 0.488208224881, -0.136096120434, 4.11964729656
1615693574.05, 0.438687622232, 0.474722923184, 0.488432155022, -0.141202766051, 4.11847286094
1615693574.07, 0.435368903721, 0.484484255303, 0.491285297566, -0.134595311562, 4.11725845686
1615693574.1, 0.432131333996, 0.494538616746, 0.490704815741, -0.143793587322, 4.11581246245
1615693574.11, 0.42897057044, 0.503511665628, 0.495055734588, -0.131073778431, 4.11488361945
1615693574.14, 0.425446934578, 0.514729120151, 0.496960253332, -0.150248420508, 4.11443067659
1615693574.15, 0.422583773551, 0.523487466398, 0.493061981815, -0.142851954212, 4.11443067659
1615693574.17, 0.419749959439, 0.532408428657, 0.498080963368, -0.148840609639, 4.11443067659
1615693574.19, 0.41611361863, 0.543251810546, 0.500013865875, -0.14086930971, 4.11421051611
1615693574.21, 0.413238090377, 0.552339786795, 0.490738061659, -0.147469913357, 4.11402449478
1615693574.23, 0.409665147817, 0.562376267341, 0.503554239202, -0.132214934752, 4.11361523498
1615693574.25, 0.406477812946, 0.572636020598, 0.490351975792, -0.149363669459, 4.11550153598
1615693574.27, 0.402958821935, 0.58184250071, 0.495234506836, -0.113247467278, 4.12248592262
1615693574.29, 0.400146865263, 0.591578271399, 0.478425825683, -0.144392191559, 4.13809996491
1615693574.31, 0.397055353793, 0.601006024184, 0.480013053601, -0.11446938897, 4.16142273699
1615693574.33, 0.394807890284, 0.610269140916, 0.46186958705, -0.135224247618, 4.18954746573
1615693574.35, 0.392512342306, 0.619587307235, 0.449458630438, -0.112498508923, 4.22558782821
1615693574.37, 0.391072156854, 0.626905841473, 0.442824924243, -0.118084800509, 4.25748715749
1615693574.39, 0.389591783132, 0.636366495249, 0.436123546066, -0.113817547639, 4.30188921376
1615693574.41, 0.388436731618, 0.644561153777, 0.420528242158, -0.0979673396969, 4.3434794164
1615693574.43, 0.388381485422, 0.654187723553, 0.416561334651, -0.13462827931, 4.3940565567
1615693574.45, 0.388300990359, 0.661642342951, 0.409050869069, -0.112402419158, 4.43342194486
1615693574.47, 0.389532401263, 0.672013001742, 0.410444459986, -0.149063837232, 4.4822105971
1615693574.49, 0.390393478021, 0.67921315409, 0.411284530096, -0.135562476069, 4.5130215627
1615693574.51, 0.392098273965, 0.687299367876, 0.408237478211, -0.162554441288, 4.5412319652
1615693574.53, 0.39391384721, 0.696553892321, 0.411662445806, -0.146043207156, 4.56519791748
1615693574.55, 0.39648940188, 0.706056953728, 0.407216101859, -0.169186046038, 4.58328370926
1615693574.57, 0.398535639715, 0.71398946024, 0.407457197836, -0.158625313337, 4.59358844656
1615693574.59, 0.40122256904, 0.722808556727, 0.408009425158, -0.175610991019, 4.60168291684
1615693574.61, 0.403163206138, 0.729801495746, 0.410550078448, -0.162225585864, 4.60677929049
1615693574.63, 0.406431876959, 0.73979759527, 0.406992592544, -0.179788795778, 4.61245218393
1615693574.65, 0.408868941652, 0.747457982066, 0.406993061587, -0.174149508398, 4.61608396653
1615693574.67, 0.411702418943, 0.756046429437, 0.409897358527, -0.178806520773, 4.61972413191
1615693574.69, 0.414697718367, 0.765241230659, 0.406696640162, -0.173805473762, 4.62344116338
1615693574.71, 0.417402024215, 0.773223211942, 0.407776504043, -0.178669893676, 4.6260913575
1615693574.73, 0.420215951647, 0.781945358138, 0.406234918202, -0.169583306943, 4.62900604368
1615693574.75, 0.423086587917, 0.790668545951, 0.413820244007, -0.174398548935, 4.63146002892
1615693574.77, 0.425628340749, 0.798667773024, 0.399836584358, -0.163151688748, 4.63262619618
1615693574.79, 0.428376206764, 0.806619548799, 0.416233067912, -0.181678454868, 4.63355244043
1615693574.81, 0.431590806584, 0.815901103362, 0.417946487182, -0.181485024395, 4.63613929159
1615693574.83, 0.434468470831, 0.824527016597, 0.412063224358, -0.172675855985, 4.63756399039
1615693574.85, 0.437630391226, 0.832803148901, 0.410193829784, -0.191916313266, 4.63971594217
1615693574.87, 0.440112366241, 0.840367712774, 0.415083574148, -0.169018890692, 4.64273579718
1615693574.89, 0.443326849061, 0.848916583524, 0.411772796429, -0.188203183584, 4.64334098937
1615693574.91, 0.446347724706, 0.857879773184, 0.416778983871, -0.176097061716, 4.63769663451
1615693574.93, 0.450050278763, 0.867223489415, 0.412062456036, -0.206643372961, 4.62483292233
1615693574.95, 0.452594486299, 0.875563058008, 0.423602412266, -0.178986278812, 4.60871692318
1615693574.97, 0.455192899501, 0.883306299412, 0.420906454516, -0.203129199002, 4.58652229904
1615693575.0, 0.457981044618, 0.894026872846, 0.429500574219, -0.191139939037, 4.548114759
1615693575.01, 0.460139603764, 0.902611438844, 0.434898288947, -0.207484299963, 4.51357887324
1615693575.03, 0.461865184059, 0.911386587249, 0.443275311678, -0.203596540354, 4.47599435364
1615693575.05, 0.463278698236, 0.921174028357, 0.451488157008, -0.203336677777, 4.4326569972
1615693575.07, 0.464211943286, 0.930034747206, 0.454049263254, -0.205917535015, 4.3915539203
1615693575.09, 0.46469932498, 0.942028063186, 0.467433017706, -0.206602135622, 4.33682899827
1615693575.11, 0.464654705417, 0.950655087288, 0.472852966753, -0.204801465336, 4.29848983888
1615693575.13, 0.464040454683, 0.961407222228, 0.478327583234, -0.204741858507, 4.25088263108
1615693575.15, 0.4628921591, 0.971666751349, 0.481211008229, -0.201388063579, 4.20457362626
1615693575.17, 0.460501455598, 0.983787018611, 0.492853152151, -0.190819902558, 4.14823979432
1615693575.19, 0.457790426686, 0.994154871739, 0.497545222479, -0.185477789013, 4.09980324872
1615693575.21, 0.454738975162, 1.00369002111, 0.503419217967, -0.18236678084, 4.05511508369
1615693575.23, 0.450306400931, 1.01488403633, 0.511769270285, -0.177098344931, 4.00220279041
1615693575.25, 0.446737331839, 1.02220256678, 0.525232019555, -0.157419940354, 3.96745402207
1615693575.27, 0.441477279761, 1.0323159813, 0.51373946871, -0.168177856715, 3.91642076441
1615693575.29, 0.434666043325, 1.04270934748, 0.524047810151, -0.147451770363, 3.85798631449
1615693575.31, 0.428778550259, 1.05115895331, 0.524004368793, -0.158759265088, 3.80964697889
1615693575.33, 0.421473897473, 1.05997932588, 0.528137652822, -0.143477488874, 3.75544864148
1615693575.35, 0.414153801941, 1.0673219483, 0.53468871221, -0.120833364758, 3.70627228308
1615693575.37, 0.405699059006, 1.07446984091, 0.540118436029, -0.104039734091, 3.6531343314
1615693575.39, 0.396390658151, 1.08179891257, 0.547424439969, -0.115752459832, 3.6001994464
1615693575.41, 0.38770050223, 1.08753653333, 0.550220134605, -0.0937580407202, 3.55635556925
1615693575.43, 0.377565054479, 1.09373414986, 0.551771373591, -0.102333734686, 3.50702969992
1615693575.45, 0.368463394201, 1.09840294641, 0.555671164652, -0.0850244366286, 3.4637206995
1615693575.47, 0.357899653788, 1.10318359637, 0.556380300611, -0.0853892727301, 3.4142827947
1615693575.49, 0.346882069686, 1.10699973506, 0.555054562535, -0.0607319019881, 3.36604562649
1615693575.51, 0.337047463522, 1.10993800341, 0.554208295848, -0.0587733997876, 3.32626464729
1615693575.53, 0.325940387176, 1.1122388287, 0.558760688352, -0.0329504460655, 3.28695081113
1615693575.55, 0.314185976324, 1.11429457818, 0.555475012172, -0.0352483934115, 3.25136194497
1615693575.57, 0.303715426121, 1.1154718887, 0.552771836102, -0.0153338803722, 3.22582967073
1615693575.59, 0.29177272585, 1.11655312907, 0.55669558409, -0.0147608226363, 3.20537330933
1615693575.61, 0.282011941539, 1.11706015325, 0.559344164471, 0.0, 3.19349103285
1615693575.63, 0.269916749451, 1.11756489251, 0.558249933686, 0.0, 3.18329902457
1615693575.65, 0.259118554493, 1.1176613908, 0.555329497701, 0.0143151518009, 3.17630099105
1615693575.67, 0.248978787355, 1.11796015852, 0.560140643092, 0.0, 3.17104908032
1615693575.69, 0.23685723883, 1.11789950791, 0.556946678515, 0.0165315914022, 3.16626298472
1615693575.71, 0.226605930758, 1.11811083788, 0.555837234931, 0.0, 3.16220466188
1615693575.73, 0.214833818782, 1.11805720035, 0.558806067176, 0.0117119827814, 3.15799223468
1615693575.75, 0.202943758125, 1.11819878781, 0.555885694578, 0.0, 3.15350014253
1615693575.77, 0.19252552785, 1.11830554701, 0.564702731792, 0.0, 3.15183964064
1615693575.79, 0.181326981656, 1.11840249784, 0.563556463217, 0.0, 3.15024988464
1615693575.81, 0.169862682586, 1.11849236589, 0.560314979446, 0.0, 3.14943144132
1615693575.83, 0.158621863913, 1.11857152989, 0.564626604363, 0.0, 3.14863508512
1615693575.85, 0.146741719214, 1.11865020934, 0.566057394376, 0.0, 3.14821532538
1615693575.87, 0.135829894078, 1.11871618808, 0.568127455507, 0.0, 3.14763911535
1615693575.89, 0.124067092236, 1.1190776681, 0.565362375979, -0.0143061059121, 3.1470148473
1615693575.91, 0.114119472832, 1.11913511601, 0.563960261382, 0.0, 3.1473676305
1615693575.93, 0.101843792906, 1.11920336761, 0.57062602378, 0.0, 3.14715250064
1615693575.95, 0.0915276904907, 1.11925699168, 0.570272894054, 0.0, 3.14679070046
1615693575.97, 0.0785814852647, 1.11931544279, 0.568524082839, 0.0, 3.14610754538
1615693575.99, 0.0679202631202, 1.11935762603, 0.572968557782, 0.0, 3.14554933121
1615693576.01, 0.0568747442121, 1.11935687073, 0.576279515667, 0.0, 3.14152427234
1615693576.03, 0.0436813780983, 1.11919842179, 0.574589145117, 0.0, 3.1295834879
1615693576.05, 0.0331766690933, 1.11891622228, 0.580327042984, 0.0, 3.11473501728
1615693576.07, 0.0217146802112, 1.11834655235, 0.578782014953, 0.0, 3.09193272413
1615693576.09, 0.00990165357704, 1.11739304711, 0.575650446913, 0.0, 3.06105084263
1615693576.11, -0.00115830202882, 1.11611365466, 0.575589566379, 0.0, 3.02642662561
1615693576.13, -0.0113304442116, 1.11457293074, 0.573573896258, 0.0, 2.99127021341
1615693576.15, -0.0223498896011, 1.11219870383, 0.572714018152, 0.0117808616792, 2.94994616981
1615693576.17, -0.0334588249306, 1.10921317559, 0.573001041509, 0.0154468680535, 2.90599740311
1615693576.19, -0.0434810109809, 1.10580347509, 0.567782606771, 0.0288746988479, 2.86447264447
1615693576.21, -0.0552168244242, 1.10111521239, 0.563778202778, 0.0286528228582, 2.81231087156
1615693576.23, -0.0650207124364, 1.0963933626, 0.562607297903, 0.0419514086076, 2.7671768018
1615693576.25, -0.0746699392455, 1.09099473151, 0.553780045572, 0.0488307388554, 2.719443497
1615693576.27, -0.0842780176815, 1.0847724689, 0.546178894294, 0.0549116313297, 2.66710235907
1615693576.29, -0.093714887285, 1.07745037649, 0.548780802206, 0.0720644897403, 2.61228920733
1615693576.31, -0.102273643859, 1.06971599628, 0.541337357639, 0.0837682481519, 2.56027338841
1615693576.33, -0.10988943047, 1.06217220163, 0.533732433011, 0.0811470153479, 2.51182480697
1615693576.35, -0.116679516095, 1.05393608019, 0.522706366456, 0.108232566873, 2.46443219663
1615693576.37, -0.122844305997, 1.04612406448, 0.520078139903, 0.0977969113962, 2.42475358966
1615693576.39, -0.128705740277, 1.0372290027, 0.507661077036, 0.121208623619, 2.38781137925
1615693576.41, -0.133874024161, 1.02867162485, 0.503856828411, 0.125358969658, 2.3579677273
1615693576.43, -0.138884447818, 1.01923338021, 0.501301427441, 0.14106845492, 2.33313971552
1615693576.45, -0.143546846732, 1.01010280418, 0.497509630944, 0.139169158657, 2.3156761076
1615693576.47, -0.147779548744, 1.00117815808, 0.491102102544, 0.146178668876, 2.30295322424
1615693576.49, -0.152143224785, 0.991553054489, 0.496824466178, 0.151804839675, 2.2929852395
1615693576.51, -0.156404117093, 0.982552652211, 0.483114150572, 0.135625515979, 2.28663483662
1615693576.53, -0.160539958396, 0.972690807191, 0.499285347235, 0.16183171058, 2.28133733298
1615693576.55, -0.164777205884, 0.963071616217, 0.496011661959, 0.147868503942, 2.27544800805
1615693576.57, -0.168455744858, 0.953980869287, 0.493290106225, 0.161278135635, 2.27129086539
1615693576.59, -0.172264688787, 0.945031467874, 0.494719223081, 0.150788801481, 2.26903414767
1615693576.61, -0.176556214859, 0.934392881462, 0.494253678711, 0.162034374571, 2.27101908966
1615693576.63, -0.180558838399, 0.924747841346, 0.4950131955, 0.161673307781, 2.27984247478
1615693576.65, -0.184602774492, 0.915327069059, 0.496746031141, 0.164096369611, 2.29532395863
1615693576.67, -0.188819741442, 0.905935663893, 0.495491491919, 0.166701441764, 2.31737920359
1615693576.69, -0.193646875439, 0.896245885593, 0.505659385859, 0.163718405046, 2.34609788619
1615693576.71, -0.198644814154, 0.886683438305, 0.504745474864, 0.171360911151, 2.37969956635
1615693576.73, -0.203344865127, 0.878688143796, 0.506726879892, 0.16292912159, 2.41332809286
1615693576.75, -0.209455113368, 0.869268711766, 0.51642381225, 0.166437889225, 2.45802510894
1615693576.77, -0.215977796584, 0.860540462659, 0.52302226585, 0.156397122474, 2.50313454396
1615693576.79, -0.222021851334, 0.853277327861, 0.526754511138, 0.150507665452, 2.54314970676
1615693576.81, -0.229557906383, 0.845233761904, 0.531545292955, 0.146478573285, 2.59252787196
1615693576.83, -0.238131512912, 0.837415145829, 0.545330180686, 0.134698605434, 2.6443765002
1615693576.84, -0.246126451523, 0.83081837689, 0.544010284755, 0.131986469569, 2.689740857
1615693576.87, -0.2557275393, 0.824086035759, 0.5569155642, 0.117238706067, 2.73754244556
1615693576.89, -0.267437187411, 0.817139165778, 0.562925800538, 0.102813640936, 2.7867939183
1615693576.91, -0.27710430083, 0.812059376886, 0.560800022259, 0.092244694374, 2.82080423643
1615693576.93, -0.287101617841, 0.807456785434, 0.567437650512, 0.078887072658, 2.84827604365
1615693576.95, -0.297447761751, 0.803127839841, 0.561312822822, 0.0694977328077, 2.86850165833
1615693576.97, -0.308589320798, 0.798726234354, 0.567215260518, 0.0670270532841, 2.88297366382
1615693576.99, -0.31995102354, 0.794583399378, 0.562077461089, 0.0564083838303, 2.89196505784
1615693577.01, -0.330616969999, 0.790681630468, 0.56185231612, 0.0601750231278, 2.89759275684
1615693577.03, -0.340627379572, 0.787224751109, 0.55621878713, 0.0518036653522, 2.901953118
1615693577.05, -0.351695908079, 0.783385188459, 0.559028445892, 0.0548523273246, 2.90549878369
1615693577.07, -0.361220987157, 0.780140781452, 0.550066935238, 0.052273956737, 2.90804834133
1615693577.09, -0.372455645099, 0.776414513081, 0.550848526279, 0.0496685635296, 2.91125848068
1615693577.11, -0.382851496023, 0.772927386151, 0.54490190935, 0.0528630134245, 2.91466342224
1615693577.13, -0.392669321149, 0.769618218305, 0.545966352648, 0.0550190744071, 2.91692912352
1615693577.15, -0.402968615304, 0.766198278219, 0.541482798108, 0.0530892940272, 2.91872427234
1615693577.17, -0.412822968636, 0.762948951637, 0.541505485109, 0.0528863901484, 2.92044067152
1615693577.19, -0.423247736678, 0.759412249886, 0.534877302771, 0.0583075962718, 2.92310045735
1615693577.21, -0.433893209396, 0.755978338951, 0.540387672992, 0.0520441645592, 2.92557292475
1615693577.23, -0.444006843493, 0.752630836371, 0.53942412209, 0.0574881707676, 2.92812587281
1615693577.25, -0.455382217171, 0.749200078372, 0.546642951178, 0.0453118204375, 2.93137502926
1615693577.27, -0.464365315466, 0.746352608146, 0.548841967979, 0.0547784254764, 2.93410864126
1615693577.29, -0.475145324971, 0.743119383194, 0.549714617022, 0.0475885211869, 2.93655627502
1615693577.31, -0.485878762424, 0.739771270869, 0.552210240889, 0.0551606350306, 2.93878488558
1615693577.33, -0.496698645275, 0.736578773621, 0.549040230243, 0.0476471208334, 2.94124127394
1615693577.35, -0.506760047796, 0.733581754317, 0.553018274542, 0.0511206001632, 2.94426575682
1615693577.37, -0.517260898679, 0.730378929628, 0.555169969398, 0.0574101600901, 2.9485931588
1615693577.39, -0.528222405005, 0.727205130497, 0.555557455487, 0.0539507398643, 2.9565666581
1615693577.41, -0.539422413933, 0.72412118218, 0.553171238931, 0.0539680978928, 2.97015244005
1615693577.43, -0.550847276696, 0.721137196813, 0.5576568246, 0.0579936500896, 2.98973911797
1615693577.45, -0.562294172373, 0.718478546756, 0.563461117811, 0.0551303245747, 3.01091121717
1615693577.46, -0.571010674941, 0.71693553427, 0.570105757603, 0.0343500475953, 3.02656508193
1615693577.49, -0.585293378131, 0.713761791691, 0.576635954696, 0.0724733368706, 3.04796391268
1615693577.51, -0.595259022581, 0.712366516763, 0.574626366236, 0.0319918613901, 3.05810515642
1615693577.53, -0.606316190121, 0.710279856735, 0.580653726597, 0.0647911143338, 3.06619402672
1615693577.55, -0.618142685935, 0.708795296465, 0.585167887993, 0.0324365418308, 3.07209199452
1615693577.57, -0.628759209852, 0.707238967238, 0.57605285893, 0.0465881163657, 3.07673352727
1615693577.59, -0.64104740957, 0.705814349962, 0.586625745015, 0.0321619919728, 3.08094471467
1615693577.61, -0.652890654683, 0.704310804665, 0.58758233265, 0.0394561876086, 3.08236375586
1615693577.63, -0.664730423856, 0.703140724943, 0.57939283781, 0.0245547857298, 3.08544114356
1615693577.65, -0.676594578738, 0.701594331214, 0.583820303806, 0.0441641255783, 3.08748465306
1615693577.67, -0.687298767015, 0.700527133289, 0.588224433217, 0.027396615228, 3.08876340396
1615693577.69, -0.698327820868, 0.699116633041, 0.586934440511, 0.0439538307942, 3.08914122588
1615693577.71, -0.711243162679, 0.698051971551, 0.589548604585, 0.0182199121931, 3.09023977528
1615693577.73, -0.722660428738, 0.69684650875, 0.591183959751, 0.0327798263468, 3.09179098376
1615693577.75, -0.734958243878, 0.695774009054, 0.597385157249, 0.0229674803296, 3.09302992112
1615693577.77, -0.746170215248, 0.694690600299, 0.596573712612, 0.0291953482652, 3.09416145572
1615693577.79, -0.758638068918, 0.693535403331, 0.597434065916, 0.0276302201654, 3.09541761644
1615693577.81, -0.769876472805, 0.692475787912, 0.598706534909, 0.0292244159023, 3.09635921484
1615693577.83, -0.781600503786, 0.691425869752, 0.603340369997, 0.0270843655349, 3.097138815
1615693577.85, -0.794146768459, 0.690329009756, 0.602613480196, 0.0250208916465, 3.09588594444
1615693577.87, -0.805560736146, 0.689348354613, 0.604000245005, 0.0214212242613, 3.09133674636
1615693577.89, -0.819803530064, 0.687900200639, 0.609970973278, 0.0248723782883, 3.08101837148
1615693577.91, -0.831544372336, 0.686692161732, 0.608676132833, 0.0175204143222, 3.06783796344
1615693577.93, -0.842254634942, 0.685222453933, 0.610062094088, 0.029260651926, 3.05314680076
1615693577.95, -0.854516059598, 0.683407619422, 0.609828912864, 0.0237962911366, 3.03364927276
1615693577.97, -0.866587736868, 0.681087018853, 0.610404742671, 0.0373237243567, 3.01274415996
1615693577.99, -0.879522856106, 0.678376016886, 0.608843530884, 0.0336453633143, 2.99020328524
1615693578.01, -0.890492839335, 0.675656292352, 0.607098457019, 0.0448923490474, 2.97238002796
1615693578.02, -0.901248558978, 0.672702612109, 0.609990350945, 0.0512704400083, 2.95743869316
1615693578.05, -0.914933682788, 0.668591903005, 0.598476113071, 0.0557651405884, 2.94269946106
1615693578.07, -0.925216924931, 0.665374726624, 0.608062591765, 0.0593284331826, 2.93564503666
1615693578.09, -0.937068707995, 0.661392806855, 0.602417117299, 0.0678755956555, 2.92966409928
1615693578.11, -0.948539887529, 0.65745142021, 0.607126562865, 0.0696744853396, 2.92490055336
1615693578.12, -0.959040561177, 0.653830370837, 0.606536559052, 0.0682805741186, 2.92162491084
1615693578.15, -0.972076149613, 0.649076718297, 0.608041231439, 0.0772175658885, 2.91822923424
1615693578.17, -0.982785471873, 0.645035730851, 0.608826101037, 0.0823662969221, 2.91524827728
1615693578.19, -0.994472791464, 0.640684217247, 0.618064799193, 0.078968735737, 2.91224602713
1615693578.21, -1.00574009019, 0.636310632374, 0.605415584222, 0.0842954861327, 2.90967553622
1615693578.22, -1.01634976165, 0.632214112626, 0.615341518711, 0.0836387192406, 2.90821040638
1615693578.25, -1.02854007627, 0.627384393833, 0.609438080815, 0.087475026656, 2.9069325877
1615693578.27, -1.040267179, 0.622803648712, 0.614885119301, 0.0844631933585, 2.90571549424
1615693578.29, -1.05205354878, 0.618050309266, 0.616734359447, 0.0909682459522, 2.90469619519
1615693578.31, -1.06301653957, 0.613535814749, 0.61881327449, 0.0946905590174, 2.90280229339
1615693578.33, -1.07553597199, 0.608391413866, 0.617030530842, 0.0929837309841, 2.90128391751
1615693578.35, -1.08740833346, 0.603364076818, 0.616916526279, 0.0991917806964, 2.90045856007
1615693578.37, -1.09884533883, 0.59849056446, 0.617231070624, 0.0996668657064, 2.89886783135
1615693578.39, -1.10971511421, 0.593837781401, 0.62150864951, 0.100560123354, 2.89755323184
1615693578.41, -1.12125442354, 0.588853466269, 0.616632852897, 0.100705512557, 2.89574261202
1615693578.42, -1.13150409706, 0.584362303887, 0.621654618001, 0.103852639517, 2.89414465914
1615693578.45, -1.14437489278, 0.578713630252, 0.622013229636, 0.102434727592, 2.89124606136
1615693578.47, -1.15554544948, 0.573779956518, 0.619342775326, 0.102369197748, 2.88949528704
1615693578.49, -1.16689864256, 0.568716920462, 0.623375023212, 0.104701579012, 2.88851198919
1615693578.51, -1.17848171414, 0.563496601509, 0.627611901413, 0.107310862943, 2.88751429089
1615693578.53, -1.19018457444, 0.558267529525, 0.620149375426, 0.10372254157, 2.88710657129
1615693578.55, -1.20234136595, 0.552730686586, 0.623711224447, 0.108922786263, 2.88710657129
1615693578.57, -1.21376112728, 0.547658622328, 0.633996791785, 0.104459422501, 2.88691210279
1615693578.59, -1.22510012621, 0.54253650037, 0.641724396311, 0.109771112144, 2.88672099122
1615693578.6, -1.23629219282, 0.537364616685, 0.621413632352, 0.110918650583, 2.88535375367
1615693578.62, -1.24742215682, 0.532449576223, 0.631794269536, 0.101706661812, 2.88535375367
1615693578.65, -1.2602155942, 0.526640259514, 0.632491336173, 0.108291200782, 2.88491583119
1615693578.67, -1.27149740099, 0.521631493295, 0.634045191806, 0.102444834936, 2.88395488514
1615693578.69, -1.28328435515, 0.516194930118, 0.634790240967, 0.110736151632, 2.8821419264
1615693578.71, -1.29551037614, 0.510473285549, 0.630403877942, 0.111936701086, 2.87961198104
1615693578.72, -1.30551259878, 0.505775785901, 0.63278566783, 0.112123658379, 2.87789245854
1615693578.74, -1.31745712208, 0.500248655779, 0.629721994387, 0.107362451069, 2.87706834086
1615693578.77, -1.32995144931, 0.494416298973, 0.635564755415, 0.111107121866, 2.87792317634
1615693578.79, -1.34219944552, 0.48884377912, 0.639261536023, 0.106156217143, 2.87916908036
1615693578.8, -1.35275777327, 0.483973428785, 0.639240718663, 0.109815602058, 2.87952761898
1615693578.83, -1.36465917788, 0.47854918161, 0.638801754904, 0.106480326761, 2.87912369976
1615693578.84, -1.37585138446, 0.473337712693, 0.639836358176, 0.11188822269, 2.8789336277
1615693578.87, -1.38929951794, 0.467112577705, 0.638563276095, 0.110035525225, 2.87870492945
1615693578.88, -1.39977286654, 0.462269256184, 0.640669075699, 0.110032972619, 2.87852741966
1615693578.91, -1.41226089422, 0.456564847826, 0.642733801306, 0.107302225315, 2.87852741966
1615693578.93, -1.42373917849, 0.451225096526, 0.640356174191, 0.111606870454, 2.87872217902
1615693578.94, -1.43540541001, 0.44587257067, 0.647536224727, 0.109212518703, 2.8785267187
1615693578.97, -1.44779691637, 0.439986782478, 0.639985414966, 0.116284640599, 2.87789401777
1615693578.98, -1.45931464705, 0.434677840359, 0.645969017856, 0.10969682512, 2.87789401777
1615693579.01, -1.47150415211, 0.42887014559, 0.646977395282, 0.118216260789, 2.87768871791
1615693579.02, -1.48289319321, 0.423825964954, 0.644662592741, 0.0996808884648, 2.87807061679
1615693579.04, -1.49428946032, 0.418547961998, 0.64675409822, 0.111790476047, 2.87902736669
1615693579.06, -1.50656102458, 0.412773867027, 0.652209079981, 0.116676653024, 2.8788226748
1615693579.09, -1.5190986448, 0.407205517701, 0.651071728131, 0.101166463288, 2.877781632
1615693579.1, -1.53090633157, 0.401740819789, 0.648888444744, 0.111015835177, 2.87758399254
1615693579.12, -1.54239712847, 0.39642658034, 0.654480772896, 0.111275418869, 2.87682118658
1615693579.14, -1.55456766531, 0.390818311186, 0.655601849977, 0.109857687632, 2.87581323628
1615693579.17, -1.56725035864, 0.385008233083, 0.654313835751, 0.108144799032, 2.87581323628
1615693579.18, -1.57906534062, 0.379496732475, 0.661089310134, 0.11382313256, 2.87561888699
1615693579.2, -1.59119929507, 0.373812548319, 0.65600774776, 0.113223784932, 2.87441120627
1615693579.22, -1.60285983958, 0.368356048159, 0.656071893214, 0.11282320019, 2.87421781543
1615693579.24, -1.61452842838, 0.362841681523, 0.65875584898, 0.115730599775, 2.87402485612
1615693579.27, -1.62790717165, 0.35642227259, 0.657967368465, 0.118995607462, 2.87313713792
1615693579.28, -1.63925184688, 0.351149387318, 0.656010432719, 0.110079696381, 2.87276099446
1615693579.31, -1.65222366798, 0.344849687676, 0.662392500808, 0.122771677094, 2.87276099446
1615693579.32, -1.66314174847, 0.339501451011, 0.658224914676, 0.124809097298, 2.87348687414
1615693579.34, -1.67540465126, 0.333508180583, 0.658729169869, 0.12553847396, 2.87531873702
1615693579.36, -1.68700835489, 0.32774298912, 0.660826653984, 0.132789188782, 2.87877887252
1615693579.38, -1.69936171344, 0.321776556917, 0.662129662633, 0.128440020083, 2.88325366504
1615693579.4, -1.71090663038, 0.316289191404, 0.662813056596, 0.127536232969, 2.88798818129
1615693579.42, -1.72362910517, 0.310223403296, 0.66857777076, 0.133210106449, 2.89336366673
1615693579.45, -1.73707240293, 0.304041925027, 0.668211301656, 0.126810725669, 2.89814976233
1615693579.47, -1.75014968086, 0.298022792948, 0.671577406176, 0.130934975818, 2.90277855397
1615693579.48, -1.76109627401, 0.293110352473, 0.670842237908, 0.126845773154, 2.90664484981
1615693579.51, -1.77475166904, 0.287109417138, 0.677904146881, 0.126064315812, 2.91140388013
1615693579.52, -1.78588237402, 0.282295613082, 0.67296273769, 0.123779608479, 2.91530295861
1615693579.54, -1.79815755677, 0.277220368477, 0.688203020969, 0.118097482996, 2.91948800563
1615693579.56, -1.81188152581, 0.271368057601, 0.686055890747, 0.128566991522, 2.92376299383
1615693579.58, -1.82510365984, 0.266046017582, 0.680118228875, 0.115881556712, 2.92768819813
1615693579.6, -1.83733652927, 0.261077207087, 0.690295723536, 0.122272870314, 2.93107833865
1615693579.62, -1.85047903619, 0.255840060055, 0.68658602549, 0.118796384599, 2.9337178541
1615693579.64, -1.86374938138, 0.250557281056, 0.686738437247, 0.120027947016, 2.9357666565
1615693579.66, -1.87573510608, 0.245761852807, 0.686110589986, 0.122190781873, 2.93724857098
1615693579.68, -1.88957621237, 0.240194043184, 0.690373807857, 0.125040531542, 2.93831177478
1615693579.7, -1.90319000513, 0.234898723761, 0.681378929928, 0.116372595722, 2.93979101429
1615693579.72, -1.91389518718, 0.230699663985, 0.688323777055, 0.120508327157, 2.94110748533
1615693579.74, -1.92860536002, 0.225022084061, 0.6894716944, 0.118114913541, 2.94291076909
1615693579.77, -1.9431386012, 0.219534077538, 0.685825219308, 0.11377144526, 2.9449219108
1615693579.78, -1.95320242138, 0.215739815898, 0.69058594425, 0.115171210207, 2.94630449305
1615693579.8, -1.96853500196, 0.209911225153, 0.689595119486, 0.118108187281, 2.94794565208
1615693579.82, -1.98001781063, 0.205696996461, 0.684997115823, 0.110444236487, 2.94970854288
1615693579.84, -1.99387140199, 0.200455163198, 0.691863175933, 0.120603438806, 2.95245037093
1615693579.86, -2.00743403353, 0.195442177956, 0.690916212895, 0.11805513457, 2.95678244602
1615693579.88, -2.01993708574, 0.190939008892, 0.691909166871, 0.116736052057, 2.96303232196
1615693579.9, -2.03343379805, 0.186245298507, 0.696161320211, 0.11536522322, 2.97113235476
1615693579.92, -2.04636093408, 0.18193559638, 0.697505380618, 0.112022402704, 2.97904085173
1615693579.94, -2.06054930918, 0.177449284215, 0.697154308083, 0.107640220921, 2.98853361838
1615693579.96, -2.07413658247, 0.173273489575, 0.700301854528, 0.108373623206, 2.99695834378
1615693579.98, -2.08776066702, 0.16927967665, 0.704405290776, 0.104945279234, 3.00433434262
1615693580.0, -2.10189082793, 0.165195994547, 0.710380780031, 0.107525061386, 3.01047588592
1615693580.02, -2.11526909971, 0.161539693493, 0.711289194628, 0.101156066246, 3.01607405665
1615693580.04, -2.1292487555, 0.157822165671, 0.707920440581, 0.0992179492027, 3.02093070025
1615693580.06, -2.14272037332, 0.154219933855, 0.712246969894, 0.104342201866, 3.025773697
1615693580.08, -2.15621626779, 0.150822257787, 0.712675417504, 0.0965692886545, 3.029643898
1615693580.1, -2.1690037923, 0.147594845053, 0.714501269969, 0.100043777662, 3.0334827043
1615693580.12, -2.18446506486, 0.14371223197, 0.707199862491, 0.101701782831, 3.0383913278
1615693580.14, -2.19916429988, 0.140068109072, 0.718549156415, 0.103415255341, 3.04152050015
1615693580.16, -2.21166116438, 0.136971836154, 0.706370446875, 0.103252564458, 3.0438650417
1615693580.18, -2.22539448071, 0.133600306813, 0.715501821734, 0.104599760352, 3.04601620676
1615693580.2, -2.24161251603, 0.129886477439, 0.717538989176, 0.0956517579214, 3.0490041304
1615693580.22, -2.2542554138, 0.126817687005, 0.718742166626, 0.106924593267, 3.05115261556
1615693580.24, -2.26822024869, 0.123623079294, 0.713577137055, 0.0985474372681, 3.05393679136
1615693580.26, -2.28193777299, 0.120373441539, 0.722970477257, 0.106961504371, 3.05586569306
1615693580.28, -2.29638230878, 0.117146951993, 0.713780669145, 0.0981911445052, 3.05853614084
1615693580.3, -2.31116910807, 0.11386881806, 0.721277040216, 0.0998820639055, 3.06103215452
1615693580.32, -2.32537192927, 0.110937148194, 0.723404392281, 0.0911802406456, 3.06341893436
1615693580.34, -2.33988932026, 0.107762321963, 0.71705183258, 0.100448936178, 3.06547133686
1615693580.36, -2.35421044436, 0.104726664281, 0.722348068829, 0.09808914171, 3.06768035653
1615693580.38, -2.36662222188, 0.102139206625, 0.722056885136, 0.0968628709756, 3.06942066903
1615693580.4, -2.38224796185, 0.0989944383824, 0.722037958106, 0.0938659890885, 3.0722664833
1615693580.42, -2.39666916583, 0.0961372967106, 0.727048100616, 0.0942159514297, 3.07487339254
1615693580.44, -2.40966883846, 0.0937531286632, 0.734965147784, 0.0862441090106, 3.07701658486
1615693580.46, -2.42536973649, 0.0902721156138, 0.731155242695, 0.114663725106, 3.07897228
1615693580.48, -2.43908706994, 0.087781339847, 0.723050158585, 0.0862493550796, 3.08069541694
1615693580.5, -2.4541565688, 0.0846102005474, 0.734173937185, 0.110675709744, 3.08380656484
1615693580.52, -2.46726075532, 0.0822526531635, 0.723989197438, 0.0893356278881, 3.0863618636
1615693580.54, -2.48114411438, 0.0795059951411, 0.73224506338, 0.104968084278, 3.08865769148
1615693580.56, -2.49567863854, 0.0770285133026, 0.726133927463, 0.0863170850724, 3.09107725856
1615693580.58, -2.51025721896, 0.0740134265002, 0.730023168637, 0.113644595179, 3.09208475586
1615693580.6, -2.52568924979, 0.0715162745162, 0.733523546056, 0.082010628116, 3.09250835416
1615693580.62, -2.54018903457, 0.0686210238143, 0.730753383717, 0.109096991262, 3.09270847556
1615693580.64, -2.5544577701, 0.0661682926683, 0.737048339298, 0.0904640923146, 3.09348835228
1615693580.66, -2.57045267458, 0.0631065326115, 0.739013527194, 0.105576596694, 3.09436095472
1615693580.68, -2.58462477324, 0.0605855559455, 0.736603464636, 0.0962810542238, 3.0955235743
1615693580.7, -2.59948696316, 0.0577867644236, 0.740180709307, 0.10542755099, 3.096939528
1615693580.72, -2.61349140429, 0.0553116411213, 0.739767178575, 0.0985027187271, 3.09903569691
1615693580.74, -2.62922102834, 0.0522777268854, 0.74345581486, 0.112448073998, 3.10116620541
1615693580.76, -2.64323030557, 0.0497374350263, 0.745212812135, 0.105803134969, 3.10324695342
1615693580.78, -2.65778249608, 0.0471246923942, 0.744874662302, 0.106232359097, 3.10560495138
1615693580.8, -2.6733928751, 0.0443423551575, 0.742930857005, 0.106757142385, 3.1079288149
1615693580.82, -2.68791966545, 0.0417066186296, 0.751576677537, 0.111873108439, 3.1098718071
1615693580.84, -2.70245309154, 0.0391426318115, 0.739978193002, 0.108110384397, 3.11204256294
1615693580.86, -2.71787499929, 0.0363750761569, 0.746838632221, 0.113576289364, 3.11494630098
1615693580.88, -2.73207795433, 0.0340271956115, 0.752215755976, 0.105876696869, 3.11759943244
1615693580.9, -2.74788160377, 0.031823050852, 0.75378403727, 0.090124188763, 3.12201341866
1615693580.92, -2.76194415886, 0.029568237562, 0.755013189652, 0.107237307511, 3.12369426244
1615693580.94, -2.77816905967, 0.0271265342825, 0.754357789793, 0.0999176941269, 3.12390988344
1615693580.96, -2.79323253406, 0.024712585548, 0.753075616229, 0.107676818382, 3.12471203796
1615693580.98, -2.80691760931, 0.0224560358119, 0.75525934215, 0.11217592525, 3.12562029356
1615693581.0, -2.82391950538, 0.020374525855, 0.755382186467, 0.0818070673819, 3.12764924519
1615693581.02, -2.83846895612, 0.0178081773095, 0.751416222428, 0.125505011416, 3.13249748694
1615693581.04, -2.8520623638, 0.016231631604, 0.757837276822, 0.0829791216299, 3.13518999564
1615693581.06, -2.86842828122, 0.0132881255392, 0.755732252108, 0.132620952116, 3.13735719674
1615693581.08, -2.88184354685, 0.0114871486712, 0.755251988651, 0.0993650988274, 3.13895639414
1615693581.1, -2.89837394372, 0.00851915471032, 0.761322696239, 0.135816801788, 3.14047658911
1615693581.12, -2.91249214615, 0.00651597099543, 0.758650449404, 0.105770708737, 3.13917347184
1615693581.14, -2.92776915477, 0.00385189862133, 0.759876609364, 0.126683528899, 3.13414093234
1615693581.16, -2.9422966576, 0.00135632733769, 0.763261312805, 0.117648893672, 3.12440664547
1615693581.18, -2.95730725008, -0.00160459704323, 0.756679649374, 0.121959715035, 3.1066404005
1615693581.2, -2.9721376866, -0.00496135619805, 0.757972861615, 0.124883707195, 3.08229379649
1615693581.22, -2.98658660854, -0.00874850569666, 0.757501027042, 0.128985456014, 3.05391288277
1615693581.24, -3.0014148763, -0.0133624821367, 0.744499681812, 0.133824647644, 3.01778010917
1615693581.26, -3.01551395573, -0.0187017932131, 0.746467311035, 0.152087373202, 2.98057458393
1615693581.28, -3.02929812985, -0.0245135155776, 0.733842017937, 0.150010390442, 2.94422582057
1615693581.3, -3.04247305948, -0.0313059009122, 0.722474092484, 0.180949622647, 2.91098949727
1615693581.32, -3.05564213173, -0.038242245159, 0.716460497493, 0.164614648854, 2.88264372107
1615693581.34, -3.06850560636, -0.0461973534744, 0.717695360421, 0.201258007754, 2.86113516567
1615693581.36, -3.08127760672, -0.0542493113349, 0.711901110536, 0.194025214988, 2.84517477759
1615693581.38, -3.09317597054, -0.0623563469202, 0.700028634158, 0.20999746788, 2.83493075107
1615693581.4, -3.10592875843, -0.0706512652441, 0.712572310147, 0.192491786081, 2.82874750837
1615693581.42, -3.11788922816, -0.0791888488976, 0.705950897156, 0.220637990378, 2.82457520002
1615693581.44, -3.1297733436, -0.0871148872863, 0.704728098572, 0.193560322537, 2.8214478349
1615693581.46, -3.14221670602, -0.0961528645967, 0.705194380243, 0.2222674385, 2.81874385102
1615693581.48, -3.15316401364, -0.103860098708, 0.706944280771, 0.209728490017, 2.8165651249
1615693581.5, -3.16607683498, -0.11350495112, 0.700915296962, 0.227521177278, 2.8139405941
1615693581.52, -3.17748339666, -0.121793425477, 0.703424788459, 0.215058099974, 2.80991513476
1615693581.54, -3.18931426726, -0.130811127091, 0.706272377542, 0.22652784415, 2.80068937062
1615693581.56, -3.20154434467, -0.140146488004, 0.702315504019, 0.213512252356, 2.78475969994
1615693581.58, -3.21213150099, -0.148686320398, 0.69568367917, 0.215977182641, 2.76384600378
1615693581.6, -3.22377917215, -0.159054078342, 0.694147047716, 0.229488220748, 2.73355892886
1615693581.62, -3.23291922254, -0.167626392741, 0.682278515282, 0.222405387737, 2.70334964291
1615693581.64, -3.24273374427, -0.178254495559, 0.676117445354, 0.245670351606, 2.66493929461
1615693581.66, -3.25161640509, -0.188832847737, 0.660445567316, 0.243981746806, 2.62315085017
1615693581.68, -3.26052349567, -0.201131397153, 0.645388348544, 0.25401975975, 2.57257575868
1615693581.7, -3.26727238385, -0.211904484664, 0.635959139273, 0.268153664112, 2.5294752355
1615693581.72, -3.27384248891, -0.22395827722, 0.615365204306, 0.268770014989, 2.48163647206
1615693581.74, -3.27971375789, -0.237414369916, 0.602893066698, 0.29045487692, 2.43117887426
1615693581.76, -3.28426897123, -0.249673949309, 0.589282626517, 0.293960820394, 2.38927421307
1615693581.78, -3.28780425183, -0.261630407529, 0.573641244723, 0.310269834229, 2.35409740219
1615693581.8, -3.29072199111, -0.273330305039, 0.575764253921, 0.322640061726, 2.32596157755
1615693581.82, -3.29347759454, -0.288076857951, 0.543973018764, 0.327793230737, 2.29785248997
1615693581.84, -3.29525707382, -0.298895936672, 0.548829639072, 0.33667619997, 2.2840589619
1615693581.86, -3.29714464239, -0.312482841806, 0.538244186862, 0.34014748804, 2.2724252127
1615693581.88, -3.29895951985, -0.324439062999, 0.541927761662, 0.32830996076, 2.26612687098
1615693581.9, -3.30044303227, -0.337586758767, 0.526922543823, 0.343344453224, 2.26065697668
1615693581.92, -3.30172908007, -0.349602431845, 0.536228209094, 0.350475077063, 2.25631827577
1615693581.94, -3.3029965988, -0.361988612068, 0.529383473244, 0.34579282584, 2.25139552827
1615693581.96, -3.30407154618, -0.375524837193, 0.527379129025, 0.358060285473, 2.24649607172
1615693581.98, -3.30496036144, -0.387659435744, 0.53198780176, 0.360214496565, 2.23911022637
1615693582.0, -3.30596890911, -0.40074855857, 0.517617013261, 0.337987872308, 2.22615630175
1615693582.02, -3.30651646571, -0.412330388804, 0.520264001708, 0.348746352536, 2.2085698913
1615693582.04, -3.30681767026, -0.423479633396, 0.508446689685, 0.339741589868, 2.18686545631
1615693582.06, -3.30678408825, -0.435796661484, 0.501248950279, 0.335315841832, 2.15765895327
1615693582.08, -3.30607295518, -0.447678715416, 0.486586251423, 0.341684713963, 2.12322453951
1615693582.1, -3.30488628899, -0.459320847603, 0.478163425691, 0.337346141839, 2.08362882621
1615693582.12, -3.30296047386, -0.47082993146, 0.456023017156, 0.336862368241, 2.04122949627
1615693582.14, -3.30024250513, -0.482637511886, 0.441316276639, 0.33794883447, 1.99806966219
1615693582.16, -3.29707325546, -0.493340695004, 0.434430056131, 0.351593172521, 1.96331657433
1615693582.18, -3.29362073096, -0.50337819487, 0.416601884737, 0.347806391823, 1.93515174825
1615693582.2, -3.28924390595, -0.514366629705, 0.414401722435, 0.362185547311, 1.91000721858
1615693582.22, -3.28499810612, -0.524282891226, 0.398662417212, 0.35446052578, 1.89302158362
1615693582.24, -3.28076327604, -0.533552385891, 0.403079000371, 0.36716433643, 1.8810593033
1615693582.26, -3.27602845975, -0.543757790442, 0.391520247701, 0.353202106463, 1.8703913828
1615693582.28, -3.27152821771, -0.552776956187, 0.390008371434, 0.366765443224, 1.8626722308
1615693582.3, -3.26706845003, -0.562079114828, 0.390358937356, 0.351205536644, 1.85638553352
1615693582.32, -3.26200670901, -0.571589781642, 0.385483352359, 0.372933308497, 1.85056030236
1615693582.34, -3.25768700685, -0.580031718345, 0.381876050349, 0.355363722423, 1.84728809334
1615693582.36, -3.25224213511, -0.590314995824, 0.390445207733, 0.37190029037, 1.84491440026
1615693582.38, -3.24726198819, -0.599517558091, 0.376644149709, 0.363730726004, 1.8427161596
1615693582.4, -3.24272423282, -0.607831849549, 0.380325601923, 0.36885269894, 1.84128591512
1615693582.42, -3.23687167107, -0.618421561921, 0.381649968889, 0.372720669922, 1.83947143528
1615693582.44, -3.23233071467, -0.626512475665, 0.375190826291, 0.369806299813, 1.83753411748
1615693582.46, -3.22681457677, -0.636329441791, 0.38155679583, 0.375191296818, 1.83585067244
1615693582.48, -3.22191702996, -0.645022495938, 0.382604608119, 0.376092356091, 1.83454882357
1615693582.5, -3.21611757903, -0.655208048502, 0.377258014246, 0.372897430927, 1.83278113101
1615693582.52, -3.21106048393, -0.664111808212, 0.380511673107, 0.374595333439, 1.83182228301
1615693582.54, -3.20557145354, -0.673705426929, 0.384025566132, 0.379203758671, 1.83018388965
1615693582.56, -3.20021096129, -0.683035749149, 0.377903971257, 0.373128955932, 1.82836030938
1615693582.58, -3.19558076068, -0.691161058953, 0.383779849383, 0.37535386806, 1.82714083889
1615693582.6, -3.19027984409, -0.700357123463, 0.38225560991, 0.376245071427, 1.82535974474
1615693582.62, -3.18432932864, -0.710936505017, 0.385893934787, 0.370376540544, 1.82331736061
1615693582.64, -3.17900418342, -0.719958551739, 0.38953688222, 0.387869482957, 1.82083982204
1615693582.66, -3.17392914262, -0.728832013973, 0.394123885146, 0.37871032661, 1.81672537544
1615693582.68, -3.16788458976, -0.738788980965, 0.375240786244, 0.378212958647, 1.81453907704
1615693582.7, -3.16254744519, -0.748041512627, 0.392233250608, 0.377429802358, 1.8137541554
1615693582.72, -3.15671565988, -0.757542175771, 0.382331439626, 0.387293305795, 1.81211543772
1615693582.74, -3.15157048741, -0.766282650421, 0.381537117108, 0.372459226156, 1.81211543772
1615693582.76, -3.14513826859, -0.776229665835, 0.383245899248, 0.406388860408, 1.81147926066
1615693582.78, -3.1402720683, -0.784554012867, 0.382698787126, 0.368304364557, 1.8080299733
1615693582.8, -3.13366633602, -0.794534852376, 0.376471664474, 0.396210685429, 1.7970804808
1615693582.82, -3.12821541354, -0.803083888458, 0.372620043263, 0.367005611062, 1.78099025435
1615693582.83, -3.12330455691, -0.810121298682, 0.367344477808, 0.378803022904, 1.76228779515
1615693582.85, -3.11725675581, -0.818353687669, 0.348704353756, 0.3546621354, 1.73106989683
1615693582.88, -3.10994084866, -0.826937392175, 0.339998879452, 0.368506768662, 1.69058055643
1615693582.89, -3.10446440554, -0.832865667628, 0.31910894291, 0.349357754851, 1.65561382533
1615693582.92, -3.09643191002, -0.840318848857, 0.305166889427, 0.352373644914, 1.60507403333
1615693582.94, -3.08995308809, -0.845775761541, 0.28635159261, 0.336532412939, 1.56577543903
1615693582.96, -3.08300210106, -0.850820817907, 0.271955577622, 0.344631420564, 1.53055996723
1615693582.98, -3.07531108323, -0.856014526731, 0.26280928433, 0.333493521131, 1.49733765403
1615693583.0, -3.06901445935, -0.859838318767, 0.251844893694, 0.338000836725, 1.47619044047
1615693583.02, -3.06177880865, -0.864012752302, 0.247907688855, 0.335545394353, 1.45776918203
1615693583.04, -3.05391820592, -0.868222974841, 0.241918119843, 0.339676103411, 1.44365637101
1615693583.06, -3.04704278616, -0.8717477446, 0.236275891472, 0.338299392557, 1.43485610746
1615693583.08, -3.03868097663, -0.875649886512, 0.239380598017, 0.364555261146, 1.42639291546
1615693583.1, -3.03181491235, -0.879232416466, 0.247157450832, 0.338237304532, 1.42066195259
1615693583.12, -3.02281223867, -0.883086216017, 0.226027110814, 0.361902901073, 1.41698981067
1615693583.14, -3.01623585797, -0.886046322701, 0.230590554239, 0.353270959103, 1.41545125266
1615693583.16, -3.00790716679, -0.889739460489, 0.23546256101, 0.364662623895, 1.41482158443
1615693583.18, -2.99961715839, -0.893378407157, 0.231540619513, 0.361045073548, 1.4141883399
1615693583.2, -2.9918250653, -0.896551120429, 0.229325901289, 0.37844072492, 1.41266730566
1615693583.22, -2.98435866863, -0.899795395833, 0.219165892147, 0.343262995914, 1.41246741552
1615693583.24, -2.97651318139, -0.902930014629, 0.224544478502, 0.378394869349, 1.41534757152
1615693583.26, -2.96830984549, -0.906933273879, 0.244659052072, 0.35030189944, 1.41513394132
1615693583.27, -2.96129053116, -0.909885812877, 0.240107163998, 0.38755877973, 1.41429879682
1615693583.3, -2.95271850416, -0.913786690208, 0.217467543463, 0.329362192286, 1.41429879682
1615693583.32, -2.94520843392, -0.917367889715, 0.24745789807, 0.361903366651, 1.41600680602
1615693583.33, -2.93933605852, -0.920399703565, 0.236710312411, 0.326066751568, 1.41945122728
1615693583.35, -2.93037535279, -0.923898195849, 0.23024368091, 0.402859814014, 1.42380473161
1615693583.38, -2.92182819162, -0.92838521531, 0.237377420837, 0.328232309703, 1.42809433483
1615693583.4, -2.91436186657, -0.931854504359, 0.241105872207, 0.372288432137, 1.43106422923
1615693583.42, -2.90689784295, -0.935768738173, 0.241585239954, 0.336170397729, 1.43065704845
1615693583.43, -2.89993821549, -0.939013236934, 0.233138695593, 0.352476620117, 1.42266219653
1615693583.46, -2.89216099786, -0.942938793627, 0.245280062489, 0.337001793976, 1.40907656928
1615693583.48, -2.88370987883, -0.946380182946, 0.2248707469, 0.350570217235, 1.38716757028
1615693583.49, -2.87752225535, -0.948870634343, 0.215569723861, 0.32143682727, 1.36269550612
1615693583.52, -2.86846128372, -0.951131098952, 0.194842675563, 0.361852464705, 1.32133928576
1615693583.53, -2.86318866257, -0.952688613607, 0.194744205077, 0.306158107637, 1.2914898891
1615693583.56, -2.85338623301, -0.953843129325, 0.177158950556, 0.374296908035, 1.24596514797
1615693583.57, -2.84742811708, -0.954368140845, 0.151950284114, 0.315116941298, 1.20937757439
1615693583.6, -2.83944386305, -0.954266790155, 0.140909791952, 0.33429973813, 1.15919457375
1615693583.62, -2.83264694877, -0.953832716935, 0.122780919925, 0.293703644628, 1.11105589575
1615693583.64, -2.8268058462, -0.952942041636, 0.110607245694, 0.303979326089, 1.07050546011
1615693583.65, -2.82189041338, -0.951894409246, 0.0875995498617, 0.251805542571, 1.02601700099
1615693583.67, -2.81665113509, -0.95023224795, 0.0791683088125, 0.272777969703, 0.98112045611
1615693583.69, -2.81220453023, -0.948464563085, 0.0612068815158, 0.232436647075, 0.93493400747
1615693583.71, -2.80794176032, -0.946302571683, 0.0499295431125, 0.231387332721, 0.88889645723
1615693583.73, -2.80441000485, -0.944199396083, 0.0383689175064, 0.203898145326, 0.84768727467
1615693583.76, -2.80049259829, -0.941254281576, 0.0258145259954, 0.217079817438, 0.80778149739
1615693583.78, -2.79744492477, -0.938743721532, 0.0193638604645, 0.186024980946, 0.77801362674
1615693583.79, -2.79519104448, -0.936755625572, 0.0167716770832, 0.193773574883, 0.76163435198
1615693583.82, -2.79239472396, -0.933711836875, 0.0, 0.175697623606, 0.74304960198
1615693583.83, -2.7903775858, -0.931473638725, 0.0, 0.179766472698, 0.73349593116
1615693583.85, -2.78837303096, -0.928760068884, -0.0147524605383, 0.164757417041, 0.72554186517
1615693583.88, -2.78571995144, -0.925729800011, 0.0, 0.182102005255, 0.71912789544
1615693583.89, -2.78360517573, -0.923290548898, 0.0, 0.166075913057, 0.71426814994
1615693583.92, -2.78123736319, -0.920535425278, 0.0, 0.176195925644, 0.70993837792
1615693583.93, -2.77908959431, -0.918018560038, 0.0, 0.170053300645, 0.7064361424
1615693583.96, -2.77681156901, -0.915329147202, 0.0, 0.17304187845, 0.70276988458
1615693583.97, -2.77486199195, -0.913015402177, 0.0, 0.163944583451, 0.70018618066
1615693583.99, -2.7725132433, -0.910211351323, 0.0, 0.175415301366, 0.6972668882
1615693584.02, -2.77036716671, -0.907633220838, 0.0, 0.163880403338, 0.69419654555
1615693584.04, -2.76817430314, -0.904982524169, 0.0, 0.169609210585, 0.6911540981
1615693584.05, -2.76614409277, -0.902513698172, 0.0, 0.173962524867, 0.68821426338
1615693584.07, -2.76392371261, -0.899794848184, 0.0, 0.175716459537, 0.68481815774
1615693584.1, -2.76166480921, -0.897013893651, 0.0, 0.163077782222, 0.68218178222
1615693584.12, -2.75937506565, -0.894534476924, 0.0105198113655, 0.16180609394, 0.68072478962
1615693584.14, -2.75735609494, -0.892030238627, 0.0, 0.175318796007, 0.67852303214
1615693584.16, -2.75517369739, -0.889781557807, 0.0150143684135, 0.159130468669, 0.67636649083
1615693584.18, -2.75265848146, -0.887118718876, 0.0148837932417, 0.178048361765, 0.67349633165
1615693584.19, -2.75050282086, -0.884793776545, 0.0136095677933, 0.165254907859, 0.66546554063
1615693584.21, -2.74891598408, -0.882716691648, 0.0, 0.153856859626, 0.65238401602
1615693584.23, -2.7468858918, -0.879924261131, 0.0, 0.146710641605, 0.62861678288
1615693584.25, -2.74539280359, -0.877764148211, 0.0, 0.134517170311, 0.60480116532
1615693584.27, -2.74426716237, -0.876031940988, 0.0, 0.112174241505, 0.57625610802
1615693584.29, -2.74305840552, -0.874004415274, 0.0, 0.109307640304, 0.53760105623
1615693584.31, -2.74230702316, -0.872638642274, 0.0, 0.087747493532, 0.50295968258
1615693584.33, -2.74159204716, -0.871185803351, 0.0, 0.0738062398617, 0.45732648146
1615693584.35, -2.74125853634, -0.870430845275, 0.0, 0.0443159388909, 0.4159810505
1615693584.37, -2.74101853119, -0.869816297748, 0.0, 0.0340025506177, 0.3723243455
1615693584.39, -2.74101853119, -0.869816297748, 0.0, 0.0, 0.3267425412
1615693584.41, -2.7410924895, -0.87007706608, 0.0, -0.0124812588984, 0.27635948864
1615693584.43, -2.74129039503, -0.87092800231, 0.0, -0.0434560089943, 0.22851156404
1615693584.45, -2.74146693662, -0.871867198223, 0.0, -0.0532546218873, 0.1858029091
1615693584.47, -2.74169701129, -0.873517267728, 0.0, -0.0849534513913, 0.1385401099
1615693584.49, -2.74189445202, -0.87588878301, 0.0, -0.102521306819, 0.0830635350596
1615693584.51, -2.74198556929, -0.877842486611, 0.0, -0.124455108939, 0.0466044520196
1615693584.54, -2.74194774268, -0.881256563906, 0.0, -0.137912484961, 6.27210616123
1615693584.55, -2.74176682181, -0.884443779266, 0.0, -0.165828679012, 6.2264816017
1615693584.57, -2.74138173529, -0.888124222758, 0.0, -0.184452995488, 6.17893416637
1615693584.59, -2.74093215397, -0.891250083903, 0.0, -0.195557905476, 6.14033852242
1615693584.61, -2.73997987483, -0.89607330605, 0.0, -0.229380129275, 6.08825605297
1615693584.64, -2.73806215803, -0.901346086135, 0.0222855741301, -0.232186405327, 6.03004524955
1615693584.65, -2.73631619288, -0.905444249183, 0.0286405331441, -0.259922807647, 5.99018333317
1615693584.67, -2.73421712418, -0.909599404099, 0.0354089033686, -0.26075089736, 5.95037881492
1615693584.69, -2.73152243498, -0.914391437187, 0.0399906852568, -0.283578660797, 5.91102499157
1615693584.71, -2.72740702409, -0.920189434451, 0.0577621280485, -0.28100602057, 5.86864420109
1615693584.73, -2.72388371311, -0.925093336736, 0.0535024477836, -0.294041391299, 5.84015646521
1615693584.75, -2.72072617924, -0.928996226808, 0.0633892013065, -0.286146695446, 5.82097204793
1615693584.77, -2.71651300265, -0.934182992324, 0.0621833744362, -0.301989427723, 5.80406713601
1615693584.79, -2.71285962538, -0.938471715339, 0.064727985935, -0.294983228928, 5.79362030129
1615693584.81, -2.70827586285, -0.943608363205, 0.0719146366763, -0.306467835879, 5.78509104107
1615693584.83, -2.70417103083, -0.947952536781, 0.0759954577933, -0.29338170301, 5.77956915239
1615693584.85, -2.70002325561, -0.952516699954, 0.072428513083, -0.309407114472, 5.77549347512
1615693584.87, -2.69552970321, -0.956804355054, 0.0910303614603, -0.295595346268, 5.77308374984
1615693584.89, -2.69136482943, -0.961107957927, 0.0819514700551, -0.310114362331, 5.77252361879
1615693584.91, -2.6868624446, -0.965732178649, 0.0765778774845, -0.283266849318, 5.77516299839
1615693584.93, -2.68261650065, -0.970115595451, 0.0818352315679, -0.297345560027, 5.78228668775
1615693584.95, -2.67881001708, -0.974101736198, 0.0753900860469, -0.268108039655, 5.79495239847
1615693584.97, -2.6754072452, -0.978262871854, 0.061354296187, -0.276851272101, 5.81580393907
1615693584.99, -2.67244337327, -0.982271872877, 0.0514007172875, -0.253458100024, 5.84664881747
1615693585.01, -2.66958744561, -0.986624260012, 0.0449042911951, -0.242657924605, 5.88546324763
1615693585.03, -2.66757137483, -0.989957521263, 0.0393236168174, -0.21645521619, 5.91892968553
1615693585.05, -2.66550670752, -0.994017664461, 0.0296099660649, -0.198318801029, 5.96095436878
1615693585.07, -2.66413033422, -0.996942391776, 0.0278616186902, -0.189239234693, 5.98951346077
1615693585.09, -2.66263515687, -1.00139116207, 0.012794468537, -0.195888362811, 6.02418026087
1615693585.11, -2.66169041561, -1.00422141595, 0.0145821897472, -0.173829190689, 6.04470609767
1615693585.13, -2.66025007627, -1.00806699108, 0.0252176917947, -0.181862405036, 6.06259893527
1615693585.15, -2.65931091142, -1.01046346852, 0.0256458095505, -0.158295154808, 6.07030344119
1615693585.17, -2.65834522123, -1.01508735303, 0.0, -0.195889125129, 6.07729647045
1615693585.19, -2.65740899386, -1.01805360945, 0.0177116574406, -0.169318802283, 6.08168150301
1615693585.21, -2.65660831129, -1.02204251251, 0.0, -0.190962355446, 6.08509031645
1615693585.23, -2.65598253864, -1.02522697205, 0.0, -0.167900563705, 6.08914942136
1615693585.25, -2.65524041167, -1.0290463325, 0.0, -0.183468617404, 6.09127010696
1615693585.27, -2.65466420574, -1.03203147699, 0.0, -0.172211151905, 6.09250589963
1615693585.29, -2.65396744061, -1.03567219084, 0.0, -0.187155682755, 6.09409037227
1615693585.31, -2.65334304927, -1.03894869178, 0.0, -0.169684187333, 6.09487664811
1615693585.33, -2.65255494927, -1.0431043446, 0.0, -0.19029617684, 6.09576573007
1615693585.35, -2.65195315769, -1.04628738488, 0.0, -0.172548367276, 6.09632895106
1615693585.37, -2.65126157814, -1.04996513603, 0.0, -0.190385676868, 6.09731174821
1615693585.39, -2.65063666763, -1.05329541637, 0.0, -0.175782259698, 6.09769727105
1615693585.41, -2.64993400887, -1.0570199825, 0.0, -0.19424423445, 6.09672162645
1615693585.43, -2.64884451228, -1.06122973737, 0.0116687069844, -0.189453790609, 6.09145251873
1615693585.45, -2.64804423335, -1.06514790061, 0.0, -0.20929943635, 6.08170801758
1615693585.47, -2.64720759236, -1.06892693091, 0.0, -0.207702030566, 6.06530918678
1615693585.49, -2.64606616967, -1.07355185536, 0.0, -0.231393633687, 6.04122243539
1615693585.51, -2.64493831836, -1.07765433529, 0.0, -0.244017179498, 6.01489403311
1615693585.53, -2.64305694823, -1.08353381114, 0.0, -0.256456165526, 5.97349195095
1615693585.55, -2.64169058114, -1.08741909292, 0.0, -0.267575547153, 5.9450166307
1615693585.57, -2.63921560622, -1.09273959968, 0.0157540511144, -0.279344323635, 5.90411934505
1615693585.59, -2.6363672105, -1.09843095991, 0.0133034080252, -0.315147036039, 5.86134434461
1615693585.61, -2.63289042809, -1.10390759435, 0.0314972919763, -0.317525125239, 5.8164146225
1615693585.63, -2.62888512468, -1.10948802064, 0.0391037311872, -0.349047879243, 5.77221580476
1615693585.65, -2.62421801565, -1.11488216294, 0.057223212829, -0.35211667337, 5.73102615832
1615693585.67, -2.61913487736, -1.12034830758, 0.0585926147994, -0.362674791323, 5.6942505204
1615693585.69, -2.61351138687, -1.12554862153, 0.07452302728, -0.362039205118, 5.66171711856
1615693585.71, -2.60776393999, -1.13053775449, 0.0817965194219, -0.380812414015, 5.63885523432
1615693585.73, -2.60239141874, -1.13507257925, 0.0815579265582, -0.380187877882, 5.6247520941
1615693585.75, -2.59545000535, -1.14041814096, 0.0925546404305, -0.373488635346, 5.6115460886
1615693585.77, -2.58985231915, -1.14465226735, 0.0951933168736, -0.381097357568, 5.60475623264
1615693585.79, -2.58322934524, -1.14957155248, 0.0937216249162, -0.37028635816, 5.5991404786
1615693585.81, -2.57695206186, -1.15404554644, 0.101678596477, -0.376195681239, 5.59557992128
1615693585.83, -2.57023574973, -1.15884644562, 0.09931365747, -0.373922721848, 5.59259246968
1615693585.85, -2.56421240104, -1.16320747289, 0.0974260984446, -0.379258641231, 5.59050346045
1615693585.87, -2.55811230915, -1.16738682704, 0.104470928387, -0.369813707455, 5.58838683506
1615693585.89, -2.55119328157, -1.17204949958, 0.108127997513, -0.374796413916, 5.58624793436
1615693585.91, -2.54477722481, -1.17650701918, 0.101678843736, -0.374286345256, 5.58483792212
1615693585.93, -2.53871967087, -1.18050033567, 0.110833574756, -0.372951691116, 5.58409200576
1615693585.95, -2.53213765842, -1.18497549106, 0.106104568922, -0.377530490611, 5.58348312285
1615693585.97, -2.52570558058, -1.18931177564, 0.106470612905, -0.373468984459, 5.58328337338
1615693585.99, -2.51919818422, -1.19358534734, 0.111430743599, -0.374765837274, 5.58248689318
1615693586.01, -2.51231110545, -1.19815671561, 0.108957903817, -0.374015796375, 5.58185032273
1615693586.03, -2.50596263095, -1.20234334374, 0.110777053652, -0.376077584253, 5.58185032273
1615693586.05, -2.49982898168, -1.20631776022, 0.11272842381, -0.370872913884, 5.58241597558
1615693586.07, -2.49296378562, -1.2109112275, 0.109008760523, -0.373521955888, 5.58602486988
1615693586.09, -2.48667855642, -1.21519360039, 0.105157986989, -0.359630270763, 5.59495599208
1615693586.11, -2.48037847563, -1.21958466434, 0.109007313863, -0.369572957794, 5.60791057268
1615693586.13, -2.47448677671, -1.2239512451, 0.102221273044, -0.361355517714, 5.62587625172
1615693586.15, -2.46932999129, -1.22851605148, 0.0727738207602, -0.331138015198, 5.65329883412
1615693586.17, -2.46417769616, -1.23313933507, 0.083890608184, -0.347168914901, 5.68082127412
1615693586.19, -2.45956968798, -1.23755448518, 0.0728922857925, -0.311388892735, 5.70636387764
1615693586.21, -2.45525267138, -1.24229331768, 0.0601706459335, -0.322006876094, 5.72906382484
1615693586.23, -2.451290661, -1.24670654278, 0.0602283861709, -0.305260777238, 5.74640941492
1615693586.25, -2.44710071949, -1.25167972282, 0.0552840790536, -0.307029440507, 5.76120932019
1615693586.27, -2.44315631404, -1.25659291453, 0.050280228029, -0.299543699344, 5.77303331298
1615693586.29, -2.43969465901, -1.26104962959, 0.0494076636331, -0.310175101289, 5.78075911653
1615693586.31, -2.43566076906, -1.26594849191, 0.05510766026, -0.281873122876, 5.78738767773
1615693586.33, -2.43172631828, -1.27088593575, 0.0544686626386, -0.296580054755, 5.79199381025
1615693586.35, -2.42863907141, -1.27480728671, 0.0504705796349, -0.277640990845, 5.79606156495
1615693586.37, -2.42469601881, -1.27964769833, 0.0584251795215, -0.28683258081, 5.80054043907
1615693586.39, -2.42155122358, -1.28364397459, 0.0532504259132, -0.281008657955, 5.80374085095
1615693586.41, -2.41788654104, -1.2882304205, 0.0576139521891, -0.286395367401, 5.80755910292
1615693586.43, -2.41419735467, -1.29300551476, 0.0506421840871, -0.270573024214, 5.81040882252
1615693586.45, -2.41093526252, -1.29721002984, 0.0547858645422, -0.286009332244, 5.8126017108
1615693586.47, -2.40732610245, -1.3018301606, 0.0532397389594, -0.269051517426, 5.81538057702
1615693586.49, -2.40398769433, -1.30607167976, 0.0564551847211, -0.276379555417, 5.81786812689
1615693586.51, -2.40082488105, -1.31015467474, 0.0537765302133, -0.2705699921, 5.8203019943
1615693586.53, -2.39704532159, -1.31492449671, 0.0577407591593, -0.270530426757, 5.82338200466
1615693586.55, -2.39390738777, -1.31898393377, 0.0541747487212, -0.266543228795, 5.8256456747
1615693586.57, -2.39036129119, -1.32356178349, 0.0558452823481, -0.269868792367, 5.82816712274
1615693586.59, -2.38713003214, -1.32774355723, 0.0555588857522, -0.266971569703, 5.83049270534
1615693586.61, -2.38364172107, -1.33229509114, 0.0548870323102, -0.266491700028, 5.83238956352
1615693586.63, -2.38057874545, -1.33613088817, 0.0597624357599, -0.26081855457, 5.834590949
1615693586.65, -2.37719138617, -1.34029486894, 0.0614174270019, -0.255446504678, 5.83622543236
1615693586.67, -2.37357812331, -1.34483429632, 0.0619483190985, -0.26740859613, 5.83855050225
1615693586.69, -2.37024561493, -1.34894901568, 0.0634981201154, -0.260066574729, 5.84191292664
1615693586.71, -2.36681392509, -1.35308183365, 0.0667864797257, -0.256475515003, 5.84495326419
1615693586.73, -2.36378838595, -1.35680355694, 0.0642170061409, -0.255772047935, 5.84659018419
1615693586.75, -2.36045242237, -1.36088313613, 0.0653656270969, -0.254862720038, 5.84879338167
1615693586.77, -2.35703566941, -1.36493212873, 0.0674839373797, -0.247177819912, 5.84879338167
1615693586.79, -2.35354890847, -1.36934822134, 0.0623841679861, -0.261773924892, 5.84879338167
1615693586.81, -2.35047955555, -1.37316160579, 0.0630836852487, -0.253512300171, 5.8493555226
1615693586.83, -2.34671893367, -1.37757132258, 0.0706219004498, -0.252490423394, 5.84979762218
1615693586.85, -2.34392360513, -1.38100425478, 0.0651581708599, -0.254829415432, 5.85013424538
1615693586.87, -2.34046535398, -1.38532046466, 0.0652743001627, -0.262335241122, 5.8515663709
1615693586.89, -2.3367463093, -1.38963550822, 0.071866741997, -0.247907751441, 5.85399406331
1615693586.91, -2.33363204843, -1.39356434296, 0.0640045077328, -0.25740658018, 5.85664021871
1615693586.93, -2.33055581522, -1.3973466554, 0.0671511116714, -0.252236441411, 5.86056258821
1615693586.95, -2.32729002421, -1.4013138062, 0.0680665166698, -0.245808891587, 5.86459181441
1615693586.97, -2.3241021608, -1.40547711651, 0.0610444773507, -0.251266130233, 5.86803923268
1615693586.99, -2.32108047789, -1.4092762399, 0.0649730652094, -0.244022506023, 5.87149936818
1615693587.01, -2.31754092005, -1.41371380998, 0.0661319227443, -0.24370195855, 5.87487122673
1615693587.03, -2.31473249367, -1.41728719773, 0.0631459878352, -0.237007609403, 5.87746541161
1615693587.05, -2.31187876763, -1.42089262279, 0.066101122857, -0.242243200835, 5.88002908853
1615693587.07, -2.30892185739, -1.4245602411, 0.065414306554, -0.229093074496, 5.88279744293
1615693587.09, -2.30537593176, -1.42935885856, 0.0603082392169, -0.247972289818, 5.88536924744
1615693587.11, -2.30287451415, -1.43284344321, 0.0569884781168, -0.245768923154, 5.88842962634
1615693587.13, -2.29945062004, -1.43693721737, 0.0699299504894, -0.223578063551, 5.88979653728
1615693587.15, -2.29648016721, -1.440662575, 0.069776274088, -0.243754254171, 5.88885692963
1615693587.17, -2.29338598602, -1.44434930371, 0.0699517045396, -0.222562263155, 5.88947585471
1615693587.19, -2.29059446595, -1.44770495284, 0.0728337295255, -0.234272851677, 5.8907212938
1615693587.21, -2.28743094741, -1.4515775503, 0.070508751997, -0.232237004977, 5.8929876436
1615693587.23, -2.28418434263, -1.45562742402, 0.0721298446695, -0.240903704432, 5.8983542646
1615693587.25, -2.28133736907, -1.45911358065, 0.0692068982684, -0.218715891161, 5.904828924
1615693587.27, -2.27832617568, -1.46308521927, 0.0680250201895, -0.236681776004, 5.91434119572
1615693587.29, -2.27581141619, -1.46659215553, 0.0541946039998, -0.195275797093, 5.93180237166
1615693587.31, -2.27373616538, -1.46974369504, 0.0526550557125, -0.20531141583, 5.95191970968
1615693587.33, -2.27182216061, -1.47286475474, 0.0444132332724, -0.175582999941, 5.9808272083
1615693587.35, -2.27027024834, -1.47590938601, 0.0340049560331, -0.163912650241, 6.01634735254
1615693587.37, -2.26913031769, -1.47852585946, 0.0262751769124, -0.141994317911, 6.05528232616
1615693587.38, -2.2683462478, -1.4806920105, 0.0204916317867, -0.129631495776, 6.09267041212
1615693587.4, -2.26804055694, -1.48278369419, 0.0, -0.107566131713, 6.1380668278
1615693587.43, -2.26785690257, -1.48467491605, 0.0, -0.0908504411852, 6.18637999963
1615693587.45, -2.26777742983, -1.48614881475, 0.0, -0.0752846692526, 6.2293173871
1615693587.47, -2.26776886848, -1.48774638541, 0.0, -0.067185299691, 6.27782637574
1615693587.48, -2.2677855166, -1.48857100094, 0.0, -0.0558570263642, 0.0201862087696
1615693587.51, -2.26821405848, -1.48988038037, -0.0136321829125, -0.0509619543334, 0.0549206656596
1615693587.53, -2.26856575257, -1.49085333795, -0.0146861059429, -0.0524273186918, 0.0737326070496
1615693587.55, -2.26897521578, -1.49162013181, -0.0187258167388, -0.0437196201391, 0.0857953808496
1615693587.57, -2.26935066998, -1.49267609563, -0.0131829755524, -0.052307518344, 0.0947290750396
1615693587.59, -2.26985633995, -1.49339452771, -0.0229216752104, -0.0406976854352, 0.10037179904
