current_time, x_position, y_position, U_velocity, V_velocity
1615692662.46, 0.0, 0.0, 0.0, 0.0, 6.2831653277
1615692662.48, 0.0, 0.0, 0.0, 0.0, 0.0003829813
1615692662.5, 0.0, 0.0, 0.0, 0.0, 0.00075508116
1615692662.52, 0.0, 0.0, 0.0, 0.0, 0.00117364406
1615692662.54, 0.0, 0.0, 0.0, 0.0, 0.00157064438
1615692662.56, 0.0, 0.0, 0.0, 0.0, 0.00196174144
1615692662.58, 0.0, 0.0, 0.0, 0.0, 0.00236852168
1615692662.6, 0.0, 0.0, 0.0, 0.0, 0.0027537632
1615692662.62, 0.0, 0.0, 0.0, 0.0, 0.00316518306
1615692662.64, 0.0, 0.0, 0.0, 0.0, 0.0035589838
1615692662.66, 0.0, 0.0, 0.0, 0.0, 0.00396074294
1615692662.68, 0.0, 0.0, 0.0, 0.0, 0.00436544418
1615692662.7, 0.0, 0.0, 0.0, 0.0, 0.0047524023
1615692662.72, 0.0, 0.0, 0.0, 0.0, 0.00516076088
1615692662.74, 0.0, 0.0, 0.0, 0.0, 0.00556958198
1615692662.76, 0.0, 0.0, 0.0, 0.0, 0.00595212458
1615692662.78, 0.0, 0.0, 0.0, 0.0, 0.0063618803
1615692662.8, 0.0, 0.0, 0.0, 0.0, 0.0067435026
1615692662.82, 0.0, 0.0, 0.0, 0.0, 0.00716192244
1615692662.84, 0.0, 0.0, 0.0, 0.0, 0.00758602142
1615692662.86, 0.0, 0.0, 0.0, 0.0, 0.00793868064
1615692662.88, 0.0, 0.0, 0.0, 0.0, 0.00834724426
1615692662.9, 0.0, 0.0, 0.0, 0.0, 0.00874138354
1615692662.92, 0.0, 0.0, 0.0, 0.0, 0.0091485834
1615692662.94, 0.0, 0.0, 0.0, 0.0, 0.00955180168
1615692662.96, 0.0, 0.0, 0.0, 0.0, 0.00993806362
1615692662.98, 0.0, 0.0, 0.0, 0.0, 0.01034150122
1615692663.0, 0.0, 0.0, 0.0, 0.0, 0.0107351017
1615692663.02, 0.0, 0.0, 0.0, 0.0, 0.0111471033
1615692663.04, 0.0, 0.0, 0.0, 0.0, 0.01155820368
1615692663.06, 0.0, 0.0, 0.0, 0.0, 0.01193058014
1615692663.08, 0.0, 0.0, 0.0, 0.0, 0.01234184264
1615692663.1, 0.0, 0.0, 0.0, 0.0, 0.0127330017
1615692663.12, 0.0, 0.0, 0.0, 0.0, 0.01314376354
1615692663.14, 0.0, 0.0, 0.0, 0.0, 0.01355438232
1615692663.16, 0.0, 0.0, 0.0, 0.0, 0.01392614364
1615692663.18, 0.0, 0.0, 0.0, 0.0, 0.0143462038
1615692663.2, 0.0, 0.0, 0.0, 0.0, 0.01473064422
1615692663.22, 0.0, 0.0, 0.0, 0.0, 0.01513936042
1615692663.24, 0.0, 0.0, 0.0, 0.0, 0.01554386138
1615692663.26, 0.0, 0.0, 0.0, 0.0, 0.01592534064
1615692663.28, 0.0, 0.0, 0.0, 0.0, 0.01634216308
1615692663.3, 0.0, 0.0, 0.0, 0.0, 0.01672082424
1615692663.32, 0.000297329823486, -5.09672728114e-06, 0.0141890576235, 0.0, 0.01713998316
1615692663.34, 0.000796419274151, -1.38572279464e-05, 0.0242796127595, 0.0, 0.01755116462
1615692663.36, 0.00130959255992, -2.30582715633e-05, 0.027256219559, 0.0, 0.01792778014
1615692663.38, 0.00189817945178, -3.3963211676e-05, 0.0295612869678, 0.0, 0.01852520464
1615692663.4, 0.00263863618193, -4.81449686299e-05, 0.0355388156923, 0.0, 0.01915037392
1615692663.42, 0.00347200117034, -6.45814652774e-05, 0.043860916185, 0.0, 0.01972048996
1615692663.44, 0.00451384763561, -8.57820103175e-05, 0.0499619960519, 0.0, 0.02034620284
1615692663.46, 0.0054886345813, -0.000106530275574, 0.0521112022487, 0.0, 0.02128170969
1615692663.48, 0.00669028081799, -0.000133613212839, 0.0575706832383, 0.0, 0.02253437997
1615692663.5, 0.00807201332119, -0.000166264071844, 0.0633070228007, 0.0, 0.02362597942
1615692663.52, 0.00932648334211, -0.000197278741687, 0.0689284214837, 0.0, 0.02471828938
1615692663.54, 0.0108248947604, -0.000235551579134, 0.0732570037789, 0.0, 0.02553672314
1615692663.56, 0.0122391618767, -0.000272459521632, 0.0765801025242, 0.0, 0.0260909462
1615692663.58, 0.0139226926434, -0.000317433926932, 0.0818815669841, 0.0, 0.02670798302
1615692663.6, 0.0156541544466, -0.000365072469327, 0.0867621100755, 0.0, 0.02750654222
1615692663.62, 0.0174647796645, -0.00041597096047, 0.0910130333916, 0.0, 0.02810360192
1615692663.64, 0.0194721532176, -0.000473672372824, 0.095143030488, 0.0, 0.02873681783
1615692663.66, 0.0213028531502, -0.000527644529947, 0.0994903384877, 0.0, 0.02947316887
1615692663.68, 0.023355050705, -0.000590228598967, 0.101289619054, 0.0, 0.03048667432
1615692663.7, 0.0254913229669, -0.000657524145968, 0.106408773783, 0.0, 0.03149097682
1615692663.72, 0.0277443937791, -0.000730828486784, 0.10912795761, 0.0, 0.03252382992
1615692663.74, 0.0300353122007, -0.000807666321992, 0.114177610134, 0.0, 0.03352761982
1615692663.76, 0.0323223254243, -0.00088571858916, 0.116829533114, 0.0, 0.03411523102
1615692663.78, 0.034815867949, -0.00097183995271, 0.122065403625, 0.0, 0.03452403306
1615692663.8, 0.0372348551621, -0.00105585338039, 0.125515683791, 0.0, 0.03471687316
1615692663.82, 0.0397601733628, -0.00114355977125, 0.127960620256, 0.0, 0.03471687316
1615692663.84, 0.04248947592, -0.00123891540047, 0.132154708661, 0.0, 0.03492352246
1615692663.86, 0.045078344709, -0.00132985622408, 0.136578132899, 0.0, 0.03511319159
1615692663.88, 0.0479193218916, -0.00142906026117, 0.136413070729, 0.0, 0.03490480183
1615692663.9, 0.050528766199, -0.00151822215939, 0.139406154664, 0.0, 0.03415563343
1615692663.92, 0.0535726978373, -0.00137931189976, 0.147273570986, 0.0114351353174, 0.03188655607
1615692663.94, 0.0568801692604, -0.00146550599522, 0.147501658408, 0.0, 0.02605452311
1615692663.96, 0.0595102178535, -0.00151964077455, 0.153773550566, 0.0, 0.02058027991
1615692663.98, 0.0627361287367, -0.00156784729914, 0.154507956065, 0.0, 0.01494242665
1615692664.0, 0.065733563195, -0.00160005204327, 0.157064758445, 0.0, 0.01074368947
1615692664.02, 0.0690024730222, -0.00162323870194, 0.161178668032, 0.0, 0.00709296709
1615692664.04, 0.072410403411, -0.00163822308271, 0.164325683463, 0.0, 0.00439688682
1615692664.06, 0.0755389058781, -0.00164608151583, 0.165968049428, 0.0, 0.00251187802
1615692664.08, 0.0789722553546, -0.00164845308158, 0.169675331263, 0.0, 0.00069074395
1615692664.1, 0.0825012273785, -0.00164434348847, 0.1711918721, 0.0, 6.2820207779
1615692664.12, 0.0859010735859, -0.00163577228004, 0.175441167259, 0.0, 6.28066425483
1615692664.14, 0.0894687627333, -0.00162173012391, 0.176513271572, 0.0, 6.27924940272
1615692664.16, 0.0928531794682, -0.00160327816988, 0.178590984658, 0.0, 6.27773332752
1615692664.18, 0.0966989356828, -0.00182153878459, 0.183930765057, -0.0117152337134, 6.27627032675
1615692664.2, 0.100248743482, -0.0017949383326, 0.184133352908, 0.0, 6.27569195666
1615692664.22, 0.104110669051, -0.00176128563279, 0.189876039643, 0.0, 6.2744715587
1615692664.24, 0.107944024435, -0.00172246027465, 0.189752794879, 0.0, 6.27305735745
1615692664.26, 0.111698696354, -0.00168010143615, 0.195363619863, 0.0, 6.27190415067
1615692664.28, 0.115639408702, -0.00163086930307, 0.195196615868, 0.0, 6.27069275061
1615692664.32, 0.119636715266, -0.00157774246681, 0.200554989349, 0.0, 6.26989543121
1615692664.33, 0.123828557881, -0.00151678056298, 0.200894825529, 0.0, 6.26864334743
1615692664.34, 0.127658982849, -0.00145674180432, 0.203242432251, 0.0, 6.26751241367
1615692664.36, 0.131767092313, -0.00138907687346, 0.206289311014, 0.0, 6.26671573319
1615692664.38, 0.135976509023, -0.00131468192322, 0.210145678126, 0.0, 6.26551368875
1615692664.4, 0.140210556911, -0.00123391817405, 0.211604885151, 0.0, 6.26411278883
1615692664.42, 0.14447633335, -0.00114737964435, 0.211325118328, 0.0, 6.26290138883
1615692664.44, 0.149416412185, -0.00104268683974, 0.218287225879, 0.0, 6.26199594179
1615692664.46, 0.15315364134, -0.000960922801189, 0.218158413688, 0.0, 6.26131054563
1615692664.48, 0.1577373256, -0.00085687106069, 0.223162023838, 0.0, 6.26048874539
1615692664.5, 0.16236896014, -0.000747892860099, 0.223758502725, 0.0, 6.25966054599
1615692664.52, 0.166657213064, -0.000642097011588, 0.225505229761, 0.0, 6.25851922671
1615692664.54, 0.171265612213, -0.00052374031426, 0.227966107184, 0.0, 6.25750812931
1615692664.56, 0.175612528866, -0.000408805138131, 0.229685809698, 0.0, 6.25675084511
1615692664.58, 0.180500029796, -0.000275454045916, 0.232030213407, 0.0, 6.25590796871
1615692664.6, 0.185557127774, -0.000138555179887, 0.237163449093, 0.0, 6.25612127943
1615692664.62, 0.189983803463, -1.62515201498e-05, 0.238200328448, 0.0, 6.25556355162
1615692664.64, 0.194941438747, 0.000124780463694, 0.242523850571, 0.0, 6.25474554698
1615692664.66, 0.199420054501, 0.000253837743443, 0.243107775661, 0.0, 6.2543769471
1615692664.68, 0.204664442134, 0.000407177487044, 0.248573415583, 0.0, 6.25395480792
1615692664.7, 0.209714761536, 0.000555864657611, 0.24994992048, 0.0, 6.25375266712
1615692664.72, 0.214694898222, 0.000706413800436, 0.252889165142, 0.0, 6.2529645888
1615692664.74, 0.220190760255, 0.000878466628089, 0.255759580611, 0.0, 6.25188964285
1615692664.76, 0.22457614112, 0.00101801155477, 0.256044331238, 0.0, 6.25137555994
1615692664.78, 0.230115915538, 0.00119546219944, 0.262173128751, 0.0, 6.25116414942
1615692664.8, 0.235457712881, 0.00164333598107, 0.257954004029, 0.0136511620108, 6.2524092666
1615692664.82, 0.240736474024, 0.00180265080222, 0.261938276077, 0.0, 6.25301412261
1615692664.84, 0.245725848355, 0.00195228358359, 0.262880905219, 0.0, 6.25320400394
1615692664.86, 0.250633206226, 0.00209763000195, 0.264023399781, 0.0, 6.25357590354
1615692664.88, 0.256238583146, 0.00226129242076, 0.266846757834, 0.0, 6.25399620212
1615692664.9, 0.261627455009, 0.00241755293069, 0.269098383143, 0.0, 6.25419654286
1615692664.92, 0.267095144746, 0.00257721378205, 0.268495351339, 0.0, 6.25399281418
1615692664.94, 0.272346784252, 0.00273056579632, 0.271658102662, 0.0, 6.25399281418
1615692664.96, 0.277516728533, 0.00288250849693, 0.27413855843, 0.0, 6.25380414402
1615692664.98, 0.28320040077, 0.00305426997726, 0.274102496256, 0.0, 6.25297434246
1615692665.0, 0.288910869696, 0.00323037154567, 0.277501726538, 0.0, 6.25235670483
1615692665.02, 0.294503178342, 0.0034062110615, 0.277836190752, 0.0, 6.25175256405
1615692665.03, 0.299552410567, 0.0035658875729, 0.279658449974, 0.0, 6.25157192383
1615692665.06, 0.305310259209, 0.00375032916, 0.281880972525, 0.0, 6.25116318379
1615692665.08, 0.310876058294, 0.00393082092567, 0.281788983174, 0.0, 6.25076794301
1615692665.1, 0.316888801516, 0.00412708179205, 0.283944230068, 0.0, 6.25055607234
1615692665.12, 0.322678359566, 0.00431605771153, 0.286652574181, 0.0, 6.25055607234
1615692665.14, 0.328448765338, 0.0045067364606, 0.286529568407, 0.0, 6.25015307342
1615692665.15, 0.333706380652, 0.00468047043195, 0.288449421611, 0.0, 6.25015307342
1615692665.18, 0.340034627912, 0.00488958263638, 0.292578744746, 0.0, 6.25015307342
1615692665.2, 0.345805613281, 0.00508028053779, 0.292066889543, 0.0, 6.25015307342
1615692665.22, 0.351808007722, 0.00527741119252, 0.297262622558, 0.0, 6.25035510456
1615692665.24, 0.357990182861, 0.00547786154572, 0.296209954261, 0.0, 6.25077274238
1615692665.26, 0.363485528627, 0.00565604219817, 0.299337536413, 0.0, 6.25077274238
1615692665.28, 0.369490140811, 0.00584715960783, 0.302972545114, 0.0, 6.2513676134
1615692665.3, 0.375636433442, 0.00604403213326, 0.303735850852, 0.0, 6.25116515311
1615692665.32, 0.381980788108, 0.00624462439859, 0.307206634214, 0.0, 6.25157839451
1615692665.34, 0.388041113502, 0.00643742837778, 0.308584809604, 0.0, 6.25138190423
1615692665.35, 0.393827379046, 0.00662368776766, 0.308432007093, 0.0, 6.25100650463
1615692665.38, 0.400583811235, 0.00684406881532, 0.316185307101, 0.0, 6.25057890567
1615692665.4, 0.406654127525, 0.00704679631928, 0.312384385677, 0.0, 6.24980118427
1615692665.42, 0.413529001331, 0.00728240184332, 0.31518723823, 0.0, 6.24892819083
1615692665.44, 0.419479208544, 0.00748744954208, 0.313601730238, 0.0, 6.2487383405
1615692665.45, 0.425278193303, 0.00769153277661, 0.317323524237, 0.0, 6.2480069009
1615692665.47, 0.43143911351, 0.00790956491149, 0.313935077812, 0.0, 6.24781052982
1615692665.5, 0.437924068754, 0.00813906449742, 0.31782450219, 0.0, 6.24781052982
1615692665.52, 0.444724603116, 0.00837828108439, 0.319277236698, 0.0, 6.24802365934
1615692665.54, 0.451452896165, 0.00861071736093, 0.320951813106, 0.0, 6.24865294135
1615692665.55, 0.457098969465, 0.00880279558577, 0.322394764889, 0.0, 6.24917863285
1615692665.58, 0.463987527706, 0.00903269864465, 0.320859446338, 0.0, 6.24982306396
1615692665.6, 0.470651660537, 0.00925103850017, 0.327636509454, 0.0, 6.25043359195
1615692665.62, 0.476943361855, 0.00945351173881, 0.324584098867, 0.0, 6.25101540958
1615692665.64, 0.483678572345, 0.00966887823986, 0.329389896935, 0.0, 6.25121998941
1615692665.65, 0.489643867261, 0.00985853705464, 0.327351585462, 0.0, 6.25140231048
1615692665.68, 0.496541147718, 0.0100763939057, 0.332422760364, 0.0, 6.25160989916
1615692665.7, 0.503646378575, 0.0103008190584, 0.334103076704, 0.0, 6.25160989916
1615692665.72, 0.510186982222, 0.0105074099493, 0.329467656821, 0.0, 6.25160989916
1615692665.74, 0.516888076093, 0.0107177234216, 0.333950041896, 0.0, 6.25181065953
1615692665.75, 0.522823367329, 0.0109061032471, 0.335840669258, 0.0, 6.25145702279
1615692665.78, 0.52976210004, 0.0111277676348, 0.335696760177, 0.0, 6.2512502209
1615692665.79, 0.536375846141, 0.011086933491, 0.336006386301, -0.012678743419, 6.25164361632
1615692665.82, 0.543570398045, 0.0113048555144, 0.342460825492, 0.0, 6.25290469806
1615692665.84, 0.550769903375, 0.0115075975097, 0.338535599063, 0.0, 6.25503220236
1615692665.86, 0.556934070085, 0.011452330904, 0.338250224509, -0.0114508042091, 6.25831072002
1615692665.88, 0.564106408295, 0.0118993426295, 0.348512053374, 0.0152590012563, 6.26469674513
1615692665.9, 0.570894618805, 0.0116806871919, 0.330028530699, -0.015042879499, 6.26983621513
1615692665.92, 0.577238836231, 0.0117349511031, 0.343943309825, 0.0, 6.27463222895
1615692665.94, 0.584542517704, 0.0114101616534, 0.341149706789, -0.0165580735946, 6.27912727517
1615692665.95, 0.590510378212, 0.011416273175, 0.334393613795, 0.0, 6.28216123508
1615692665.97, 0.597466214947, 0.01117636208, 0.342626676731, -0.0110544137402, 0.00222440966
1615692666.0, 0.60459254608, 0.0111379442396, 0.337584815007, 0.0, 0.00539091821
1615692666.02, 0.611395077566, 0.0110655194981, 0.336559339969, 0.0, 0.01064633149
1615692666.04, 0.618244733971, 0.0109705689203, 0.340931008473, 0.0, 0.01386120573
1615692666.05, 0.624498179505, 0.011112673633, 0.336731203552, 0.0135128921542, 0.01738777407
1615692666.07, 0.63138180326, 0.010967849491, 0.339721895779, 0.0, 0.02103583587
1615692666.1, 0.638320728315, 0.0110487555943, 0.341288643524, 0.012203892646, 0.02408382672
1615692666.11, 0.645018171684, 0.0108742929847, 0.341923529325, 0.0, 0.02604324592
1615692666.14, 0.652214233955, 0.0106699777241, 0.338156113355, 0.0, 0.02838502184
1615692666.15, 0.658267567433, 0.0104862314936, 0.339847408578, 0.0, 0.03034523504
1615692666.18, 0.665344351534, 0.0102567208856, 0.341248010552, 0.0, 0.03242012034
1615692666.19, 0.672258425514, 0.0100198542714, 0.341148660724, 0.0, 0.03424522413
1615692666.22, 0.679267059744, 0.00976670382009, 0.339553404776, 0.0, 0.03610410231
1615692666.24, 0.686036173511, 0.00971387367942, 0.339944204678, 0.0103000816597, 0.03809449211
1615692666.25, 0.692390472359, 0.00946099020102, 0.340324832977, 0.0, 0.03977623715
1615692666.27, 0.698975777756, 0.00918464448466, 0.335169088561, 0.0, 0.04193938748
1615692666.29, 0.705787042325, 0.00887976457394, 0.341894953042, 0.0, 0.04473127378
1615692666.31, 0.712730499156, 0.0085530734814, 0.334736171126, 0.0, 0.04701553598
1615692666.34, 0.719858679493, 0.00819977107858, 0.341464180261, 0.0, 0.04952365166
1615692666.35, 0.726147894219, 0.00787752308502, 0.339430742579, 0.0, 0.05119342337
1615692666.37, 0.732868525605, 0.00751827596532, 0.334970262638, 0.0, 0.05340354458
1615692666.39, 0.739300919683, 0.00685355498293, 0.343541298341, -0.0164607726081, 0.05509571801
1615692666.42, 0.746635710709, 0.00569885098772, 0.333168432371, -0.0325133530888, 0.05886649379
1615692666.43, 0.753025332498, 0.00531868127009, 0.342022653384, 0.0, 0.05942794094
1615692666.45, 0.760099733131, 0.00436294397966, 0.338198862332, -0.025721888582, 0.05837558519
1615692666.48, 0.766968999375, 0.0042134580678, 0.333632433988, 0.0119472170719, 0.05755234491
1615692666.49, 0.773317960904, 0.0035424935808, 0.335669210735, -0.016419795993, 0.05641252767
1615692666.51, 0.779570872225, 0.00319288029281, 0.336341180926, 0.0, 0.05585392725
1615692666.53, 0.78657254365, 0.00250318524753, 0.332161005996, -0.0145629273425, 0.05437266838
1615692666.55, 0.793421913848, 0.00143313541787, 0.333669810038, -0.0330540130762, 0.05623343485
1615692666.57, 0.799993338657, 0.00104619616661, 0.33159542524, 0.0, 0.05881418484
1615692666.59, 0.806671978179, 6.87361727492e-05, 0.336480148912, -0.0285720421285, 0.06061311024
1615692666.62, 0.813561584365, -0.00035945623594, 0.33151876057, 0.0, 0.0620706536
1615692666.63, 0.819870080822, -0.00117005044479, 0.336378415827, -0.0217567572862, 0.06320278898
1615692666.65, 0.826061052846, -0.00157477915616, 0.328368868962, 0.0, 0.06528112425
1615692666.67, 0.832986120351, -0.00226836971139, 0.337329389536, -0.0108908056791, 0.06754944107
1615692666.69, 0.839691949291, -0.00273286195299, 0.334623210666, 0.0, 0.06915647763
1615692666.72, 0.846858275342, -0.0034964244795, 0.333044061394, -0.0117485485967, 0.07088655731
1615692666.73, 0.853078111889, -0.00394505318318, 0.334835299919, 0.0, 0.07200400133
1615692666.75, 0.859877181698, -0.004443825293, 0.334264602679, 0.0, 0.07322770373
1615692666.78, 0.86653786992, -0.00494194059404, 0.329793446284, 0.0, 0.07464540974
1615692666.79, 0.87299000719, -0.00543966641107, 0.33138750599, 0.0, 0.0769887593
1615692666.81, 0.879028501839, -0.00591996386101, 0.330402250581, 0.0, 0.07937216786
1615692666.83, 0.885996882012, -0.00627182795613, 0.331023518796, 0.0100646904958, 0.08084693458
1615692666.85, 0.892656732932, -0.0068141714263, 0.327111233392, 0.0, 0.08125547434
1615692666.87, 0.899162687275, -0.00705583758586, 0.328057477924, 0.0145508168314, 0.0814537337
1615692666.89, 0.905545330445, -0.00757688053607, 0.325648345106, 0.0, 0.0814537337
1615692666.91, 0.911895272755, -0.00809896335666, 0.329402732813, 0.0, 0.08203399925
1615692666.94, 0.918938187345, -0.00896881342021, 0.319134224466, -0.0126890304158, 0.08314494635
1615692666.95, 0.92491581888, -0.00948146721131, 0.323932367341, 0.0, 0.08555268558
1615692666.97, 0.931245241163, -0.0105462266813, 0.323124911558, -0.0254937585169, 0.08792890818
1615692666.99, 0.937824537923, -0.0109446362223, 0.323846624318, 0.010275787547, 0.09220095183
1615692667.01, 0.944373528396, -0.0118663025246, 0.319647316012, -0.014768018244, 0.09364771393
1615692667.03, 0.950363009703, -0.0124368382082, 0.318576774504, 0.0, 0.0949697235
1615692667.06, 0.957095154796, -0.0134653232283, 0.31970520099, -0.017442285207, 0.0970967271
1615692667.07, 0.962964343182, -0.0140536219386, 0.3154672182, 0.0, 0.09990142365
1615692667.1, 0.970180335415, -0.0150756867488, 0.320023711735, -0.012116467335, 0.10285984067
1615692667.11, 0.975401663601, -0.0156242931589, 0.316212275231, 0.0, 0.1046861699
1615692667.13, 0.981642340703, -0.0165637548599, 0.320311811158, -0.0142740376775, 0.10488300112
1615692667.15, 0.988317452283, -0.0172437486017, 0.319204476785, 0.0, 0.10151981136
1615692667.17, 0.994450262545, -0.0182475314516, 0.321765573398, -0.0221129075771, 0.0936199166
1615692667.19, 1.00109240417, -0.0187869185344, 0.3228552405, 0.0, 0.0810289981
1615692667.21, 1.007668775, -0.0196569767585, 0.318955176338, -0.021237660947, 0.06504981026
1615692667.23, 1.01403545058, -0.0199732194773, 0.322466876152, 0.0, 0.04963077104
1615692667.25, 1.01990036964, -0.0201864428447, 0.317922982733, 0.0, 0.0363397172
1615692667.27, 1.02627375462, -0.0203453422274, 0.318400394484, 0.0, 0.02492654564
1615692667.29, 1.03247445257, -0.0204465966863, 0.317343735262, 0.0, 0.01632807488
1615692667.31, 1.03940324163, -0.0205096579973, 0.316397061652, 0.0, 0.00910109534
1615692667.33, 1.0453936927, -0.0205393287909, 0.317713835127, 0.0, 0.00495297444
1615692667.35, 1.05205706653, -0.0205499221295, 0.317002975272, 0.0, 0.00158978468
1615692667.37, 1.05790641639, -0.0205464105985, 0.320495836221, 0.0, 6.28258497882
1615692667.39, 1.06500366798, -0.0205231701739, 0.318475145394, 0.0, 6.27991075206
1615692667.41, 1.07045200245, -0.020495086252, 0.318791853405, 0.0, 6.27803076439
1615692667.43, 1.0773715991, -0.0204446750842, 0.324780246789, 0.0, 6.27590016059
1615692667.45, 1.08373104625, -0.0203832198319, 0.320906360794, 0.0, 6.27352199243
1615692667.47, 1.09040710548, -0.0203035884918, 0.32438767403, 0.0, 6.27125797683
1615692667.49, 1.09649654178, -0.0202160897262, 0.32438767403, 0.0, 6.26881735254
1615692667.52, 1.10392714342, -0.020497389718, 0.325614009832, -0.0179827289531, 6.26585310866
1615692667.53, 1.10943713416, -0.0203924612149, 0.322503119027, 0.0, 6.26414429116
1615692667.55, 1.11582467787, -0.0206991637674, 0.324324642487, -0.0223456413824, 6.26237390449
1615692667.57, 1.1222371276, -0.0205580104811, 0.321390083343, 0.0, 6.26117648053
1615692667.59, 1.12938019739, -0.0208748656827, 0.332336503959, -0.0228672379273, 6.25881545472
1615692667.61, 1.13593545359, -0.0206892273647, 0.332753780265, 0.0, 6.25487387112
1615692667.63, 1.14238881781, -0.0208741535396, 0.331059639109, -0.0214639435063, 6.24708979072
1615692667.65, 1.14931642385, -0.0208748862539, 0.331688107558, -0.0162412796325, 6.23436463501
1615692667.67, 1.15565394302, -0.021038264953, 0.332202420396, -0.0304207254391, 6.21764102173
1615692667.69, 1.163118653, -0.0210940655635, 0.33690234213, -0.0330264175922, 6.19294299341
1615692667.71, 1.16889833993, -0.0210897868352, 0.335607252728, -0.0376611553625, 6.17069458151
1615692667.73, 1.17620841736, -0.0209108547431, 0.336223381502, -0.0398724405323, 6.14067487939
1615692667.75, 1.18281187711, -0.0202357418342, 0.33726673502, -0.0232088344013, 6.11259688373
1615692667.77, 1.18934155437, -0.0196382929405, 0.331414046851, -0.0349013856474, 6.08701812143
1615692667.79, 1.19604255054, -0.0186313048697, 0.336786673804, -0.0233729619093, 6.0647382203
1615692667.81, 1.2029588955, -0.0175896813838, 0.334258546633, -0.0285578724789, 6.04847600888
1615692667.83, 1.20913416616, -0.0164173777125, 0.335156713353, -0.0189448967493, 6.03911390738
1615692667.85, 1.21532712657, -0.0151813561393, 0.337661023298, -0.0180566383621, 6.03276413368
1615692667.87, 1.22217475731, -0.0136562279842, 0.339077405902, -0.0122924884609, 6.02780186104
1615692667.89, 1.22921925234, -0.012112556169, 0.339272380712, -0.0144735536677, 6.0248286956
1615692667.91, 1.23550371808, -0.0106867277265, 0.339811471452, -0.0124999012577, 6.02331260136
1615692667.93, 1.24221974006, -0.00913538985544, 0.341988235689, -0.0114499451121, 6.02270828181
1615692667.95, 1.24938912612, -0.00720802295955, 0.345830668622, 0.0, 6.02056158471
1615692667.97, 1.2555254977, -0.00553286344279, 0.345027589133, 0.0, 6.01669003416
1615692667.99, 1.26219321153, -0.00366143451169, 0.349430130624, 0.0, 6.0095551866
1615692668.01, 1.26791583066, -0.00198926366369, 0.352382462075, 0.0, 5.99889628086
1615692668.03, 1.27577533683, 0.000492779182409, 0.351041997568, 0.0, 5.97729561466
1615692668.05, 1.28258753842, 0.00284158263466, 0.350096671977, 0.0, 5.95115622193
1615692668.07, 1.28893670104, 0.00523747966791, 0.35337488411, 0.0, 5.92235037043
1615692668.09, 1.29516281592, 0.00782390731712, 0.350524435584, 0.0, 5.88946032961
1615692668.11, 1.30131949949, 0.0106426669761, 0.351607995423, 0.0, 5.85383298891
1615692668.13, 1.30843308695, 0.0143103691802, 0.346260228096, 0.0, 5.80714277759
1615692668.15, 1.31383980499, 0.0173600922164, 0.348974115607, 0.0, 5.76961023685
1615692668.17, 1.31970796709, 0.0212642689745, 0.344806992794, 0.0101961323753, 5.72568093375
1615692668.19, 1.32548434742, 0.025229615251, 0.343272799389, 0.0, 5.68159365759
1615692668.21, 1.32999357634, 0.0290388309222, 0.349059593104, 0.0229896679174, 5.64750802609
1615692668.23, 1.33575336329, 0.0336574229736, 0.334232106719, 0.0, 5.60730603881
1615692668.25, 1.3413734591, 0.0384926467393, 0.336502433641, 0.0, 5.5727157627
1615692668.27, 1.34553414366, 0.0422283519854, 0.340874244808, 0.0, 5.55155471493
1615692668.29, 1.35086609462, 0.0478972995462, 0.332281862757, 0.0206894090895, 5.52934752633
1615692668.31, 1.35493137833, 0.0521840492406, 0.336775722962, 0.015436398395, 5.51708072353
1615692668.33, 1.3595215105, 0.0569910760734, 0.335732461477, 0.0112400224098, 5.50817696953
1615692668.35, 1.36426566186, 0.0623847093231, 0.332005160602, 0.0225752149812, 5.50170118723
1615692668.37, 1.36843683706, 0.067377234341, 0.336261797474, 0.0295063816602, 5.49591927433
1615692668.39, 1.37328416816, 0.0727104988444, 0.338018788036, 0.013625559203, 5.49038026241
1615692668.41, 1.37751420905, 0.0777352986961, 0.332423980105, 0.0247503617522, 5.48643944181
1615692668.43, 1.38182205295, 0.0825689459392, 0.339764363352, 0.0145748705018, 5.48320282609
1615692668.45, 1.38590309848, 0.0874856675073, 0.338688595855, 0.0254547760764, 5.48019272481
1615692668.47, 1.39074817426, 0.0925380372704, 0.334661093437, 0.0, 5.47684601457
1615692668.49, 1.3950723422, 0.0974885265723, 0.34049404793, 0.0153793097679, 5.47549606716
1615692668.51, 1.39948744081, 0.102589024882, 0.336314526605, 0.0162942969418, 5.47429396542
1615692668.53, 1.40395803741, 0.107683564232, 0.341251064407, 0.01374491486, 5.47290474808
1615692668.55, 1.40853497822, 0.112926487453, 0.338987985311, 0.0140414190855, 5.47146883402
1615692668.57, 1.4133097211, 0.118381743935, 0.345454602238, 0.0134266281914, 5.47021062766
1615692668.59, 1.41746456679, 0.12315456685, 0.343068473917, 0.0138770964984, 5.46910482796
1615692668.61, 1.42227367464, 0.128264357574, 0.345972518899, 0.0, 5.46748228468
1615692668.63, 1.42690602474, 0.133197952547, 0.345244197738, 0.0, 5.46630616102
1615692668.65, 1.43193080325, 0.138560783537, 0.34950335067, 0.0, 5.46525480662
1615692668.67, 1.43656762006, 0.143530894558, 0.348272269645, 0.0, 5.46310794267
1615692668.69, 1.44141589178, 0.148742572822, 0.348636303569, 0.0, 5.46167875442
1615692668.71, 1.44629034457, 0.154003615447, 0.355881136828, 0.0, 5.45966344982
1615692668.73, 1.45091087281, 0.159013963527, 0.350978439323, 0.0, 5.45733317534
1615692668.75, 1.45585427745, 0.164410289955, 0.352469915798, 0.0, 5.45401110798
1615692668.77, 1.46071492193, 0.169790027556, 0.358749683055, 0.0, 5.4471396988
1615692668.79, 1.46562608173, 0.175366160223, 0.357595669536, 0.0, 5.43446442767
1615692668.81, 1.46963219629, 0.1797104409, 0.3558085168, -0.013923389858, 5.41820050349
1615692668.83, 1.47439054842, 0.185595639922, 0.359530240359, 0.0, 5.39230873904
1615692668.85, 1.4791369732, 0.191232145263, 0.360355593639, -0.0177323510397, 5.36310257777
1615692668.87, 1.48353729304, 0.196906968761, 0.355556270044, -0.0147794301455, 5.33041254431
1615692668.89, 1.48785899463, 0.202768564262, 0.355864445396, -0.0180978658933, 5.29689429647
1615692668.91, 1.49188758288, 0.208853667187, 0.35960841823, -0.0111945262531, 5.26606271223
1615692668.93, 1.49558444784, 0.214658767203, 0.353094539354, -0.0139494759943, 5.23996463639
1615692668.95, 1.49919178737, 0.221179139045, 0.35504696605, 0.0, 5.21771737017
1615692668.97, 1.50241158293, 0.227201868343, 0.356199202024, 0.0, 5.20333768992
1615692668.99, 1.5052522597, 0.233073135274, 0.35225240431, 0.0104909118072, 5.19278815443
1615692669.01, 1.5087285045, 0.239874854779, 0.3566565865, 0.0, 5.18486381226
1615692669.03, 1.51155748073, 0.245969316979, 0.359697915295, 0.0116837676578, 5.1794495575
1615692669.05, 1.51482588773, 0.252538265619, 0.355134504708, 0.0, 5.17407791538
1615692669.07, 1.51791719125, 0.258806052884, 0.360224502929, 0.0, 5.17058576508
1615692669.09, 1.52098877606, 0.265064318216, 0.360727377065, 0.0, 5.16865316788
1615692669.11, 1.52428211722, 0.271799040478, 0.362462886, 0.0, 5.16720535438
1615692669.13, 1.52775483277, 0.27837051532, 0.362441251132, -0.0118808770693, 5.16577062528
1615692669.15, 1.53082250247, 0.284682052875, 0.364360471758, 0.0, 5.16480762883
1615692669.17, 1.53445451523, 0.291588551283, 0.367795813213, -0.0120609838529, 5.16374738138
1615692669.19, 1.53745853972, 0.297803711545, 0.366909664266, 0.0, 5.16261853616
1615692669.21, 1.54085750305, 0.304858295131, 0.378845627278, 0.0, 5.16137833994
1615692669.23, 1.54390613541, 0.311220548264, 0.362612564499, 0.0, 5.15923818984
1615692669.25, 1.54692155501, 0.318229528055, 0.376223268997, 0.0143529542273, 5.15680626312
1615692669.27, 1.55008582925, 0.324915817995, 0.369972435779, 0.0, 5.15440698072
1615692669.29, 1.55326136755, 0.331684988238, 0.376070093316, 0.0, 5.15102704684
1615692669.34, 1.55660027858, 0.338294560831, 0.374050491759, -0.0128998813175, 5.14568505202
1615692669.34, 1.56004218914, 0.345337064516, 0.369982445655, -0.0121932368022, 5.13403885317
1615692669.35, 1.56268989602, 0.351473791702, 0.37787717113, 0.0, 5.11971231594
1615692669.37, 1.56587983759, 0.358310078521, 0.381647351364, -0.0187186381562, 5.09996935094
1615692669.39, 1.56884676256, 0.364944862919, 0.369069728431, -0.0228437231016, 5.07107651564
1615692669.41, 1.57217958941, 0.372913952602, 0.383325741282, -0.0299079268295, 5.03063781644
1615692669.43, 1.57437662109, 0.378800232598, 0.381130546128, -0.0272499082406, 4.99824507886
1615692669.45, 1.57708876383, 0.386106751775, 0.376459118423, -0.042947730653, 4.95422723482
1615692669.47, 1.57940186974, 0.393985800028, 0.373087519117, -0.0351346230046, 4.90404689305
1615692669.49, 1.58131877656, 0.401363812701, 0.376545762698, -0.041596837123, 4.85655885033
1615692669.51, 1.582946846, 0.408684798284, 0.373991604989, -0.0449628554032, 4.81156203111
1615692669.53, 1.58415856935, 0.416286564363, 0.374462921895, -0.0381146810746, 4.76902380759
1615692669.55, 1.5851205196, 0.423551805015, 0.370555200675, -0.040777540746, 4.73442431255
1615692669.57, 1.58566840413, 0.431123714865, 0.371369601844, -0.0297532818721, 4.70467366041
1615692669.59, 1.58603307, 0.438521738003, 0.373210066013, -0.0292959382983, 4.68330490893
1615692669.61, 1.5860970742, 0.446079889378, 0.372340836799, -0.019812612139, 4.66769619042
1615692669.63, 1.58616842322, 0.452977906301, 0.371213759015, -0.0239050842692, 4.65842373442
1615692669.65, 1.58596447125, 0.460770273701, 0.378123196209, -0.0134769744608, 4.65059497898
1615692669.67, 1.58578990294, 0.467993585276, 0.372441609765, -0.0161189470863, 4.64497419898
1615692669.69, 1.58523109679, 0.475691524645, 0.382106645081, 0.0, 4.63992443398
1615692669.71, 1.5849522964, 0.483689872146, 0.371703639167, -0.0156724717348, 4.63540690726
1615692669.73, 1.58401116484, 0.490983631498, 0.383435782054, 0.0187461096592, 4.63291650597
1615692669.75, 1.58393126567, 0.49771363551, 0.378357990769, -0.0258862275842, 4.63220661945
1615692669.77, 1.58265792528, 0.506426303825, 0.381262828198, 0.0251464072765, 4.63312841245
1615692669.79, 1.58215336501, 0.512862174412, 0.378829335456, 0.0, 4.63415087053
1615692669.81, 1.58071248564, 0.521463420377, 0.381898532732, 0.0343821757688, 4.63619784664
1615692669.83, 1.57992402205, 0.528502528025, 0.380995302504, 0.0137595001569, 4.63694100688
1615692669.85, 1.57849176192, 0.535968903866, 0.381311194488, 0.0439183588654, 4.63753521274
1615692669.87, 1.57790739652, 0.543676961885, 0.379972969781, 0.0, 4.63672145198
1615692669.89, 1.57671216278, 0.55099467386, 0.382833427493, 0.0330965507499, 4.63672145198
1615692669.91, 1.57612064413, 0.558754816806, 0.379104802189, 0.0, 4.63631087134
1615692669.93, 1.57511019895, 0.566395958498, 0.382417393234, 0.0212834915531, 4.63651211093
1615692669.95, 1.57454210188, 0.573868676161, 0.384025955126, 0.0, 4.63651211093
1615692669.97, 1.57357005653, 0.581767998315, 0.375657835625, 0.0177430113551, 4.63714700054
1615692669.99, 1.5727008302, 0.589960340472, 0.391057892476, 0.0118347776598, 4.63693642925
1615692670.0, 1.57224619407, 0.595974359053, 0.392962923842, 0.0, 4.63693642925
1615692670.03, 1.57120998685, 0.604445145248, 0.378489743954, 0.0171834544524, 4.63603546453
1615692670.05, 1.57058189995, 0.612566165682, 0.39079567701, 0.0, 4.63520175289
1615692670.07, 1.56977567114, 0.619669069255, 0.388675150672, 0.0121462478566, 4.63060599639
1615692670.09, 1.56938400332, 0.627944301448, 0.392362497127, -0.0180134164927, 4.61921622135
1615692670.11, 1.56854258059, 0.635477765309, 0.386202436115, 0.0, 4.60115863615
1615692670.13, 1.56814565166, 0.643293835185, 0.388507128159, -0.0334075482023, 4.57587034039
1615692670.15, 1.56718290728, 0.651531747784, 0.387658448628, -0.0198503631667, 4.54488808454
1615692670.17, 1.56652718486, 0.658823787433, 0.381804252322, -0.0425474428736, 4.51172718368
1615692670.19, 1.56542790389, 0.666755998773, 0.378857438329, -0.039925438408, 4.46968540568
1615692670.21, 1.56400598136, 0.674049782442, 0.382035621589, -0.0341338012443, 4.43074340036
1615692670.22, 1.56273298685, 0.680114917434, 0.386966914886, -0.0416598501677, 4.3982604314
1615692670.25, 1.5598809803, 0.689014744369, 0.381204113328, -0.0201198683597, 4.34954122951
1615692670.26, 1.55821256757, 0.694486313218, 0.388336414708, -0.0361570512147, 4.32358100059
1615692670.29, 1.55457289897, 0.702593187882, 0.380295484688, 0.0, 4.29039962345
1615692670.31, 1.55138021683, 0.709848512307, 0.385803026906, -0.011511344396, 4.26801440354
1615692670.33, 1.54836031285, 0.716470663101, 0.384166792994, -0.0114411165744, 4.25475842584
1615692670.35, 1.54462289074, 0.72384888985, 0.38259172632, 0.0, 4.24351712356
1615692670.37, 1.5409194505, 0.731012447198, 0.39004911058, 0.0, 4.23524714596
1615692670.38, 1.53799463748, 0.736588260173, 0.380624516577, 0.0, 4.22929195504
1615692670.41, 1.53403498651, 0.744044797811, 0.383308113912, 0.0, 4.22422601575
1615692670.43, 1.53037647241, 0.750871828637, 0.389318407533, 0.0, 4.22044595112
1615692670.45, 1.52656909626, 0.757909629305, 0.384306002333, 0.0, 4.21648994307
1615692670.47, 1.52322916807, 0.764048595387, 0.383745221258, 0.0, 4.21412240374
1615692670.49, 1.5193844222, 0.771067473886, 0.391128849558, 0.0, 4.21125785212
1615692670.51, 1.51557143217, 0.777991312724, 0.385937213384, 0.0, 4.20900495631
1615692670.53, 1.51183324546, 0.784747445757, 0.387750829403, 0.0, 4.20701363671
1615692670.55, 1.50798706988, 0.791672380299, 0.393199246427, 0.0, 4.20540196527
1615692670.57, 1.50396814053, 0.798813254212, 0.392610146215, 0.0, 4.19976681579
1615692670.59, 1.50014287712, 0.805452406258, 0.394923100641, 0.0, 4.18967776123
1615692670.61, 1.49618453308, 0.812059474625, 0.397485164629, 0.0, 4.17262600739
1615692670.63, 1.49214691069, 0.819044462026, 0.397865325335, -0.015906880113, 4.14831160379
1615692670.65, 1.48807430258, 0.825094369247, 0.397848276616, 0.0, 4.11989847474
1615692670.66, 1.48352364959, 0.831386948211, 0.401882974511, 0.0, 4.08627626334
1615692670.68, 1.47866049754, 0.837595090911, 0.396429517785, 0.0, 4.04788290651
1615692670.71, 1.4732131026, 0.844411694925, 0.395970546685, -0.0134283169054, 4.00427555283
1615692670.73, 1.4679523978, 0.850084307142, 0.390456313036, 0.0, 3.96464752283
1615692670.74, 1.46286453523, 0.855188150525, 0.393393859479, 0.0, 3.92855883673
1615692670.76, 1.45693572112, 0.860705448811, 0.39949019926, 0.0, 3.89105384223
1615692670.79, 1.45049012964, 0.866298026313, 0.377594638284, 0.0, 3.85624994233
1615692670.81, 1.44485191625, 0.87097096152, 0.38879403484, 0.0, 3.83364786073
1615692670.82, 1.43941748915, 0.875330251493, 0.383235079622, 0.0, 3.81765039353
1615692670.85, 1.4320179739, 0.880355014769, 0.385725562561, 0.0254438613642, 3.80399894639
1615692670.86, 1.42758248948, 0.8835214284, 0.381706245545, 0.013857747066, 3.79786373993
1615692670.89, 1.41972056533, 0.888570912808, 0.390668532426, 0.0300481816897, 3.78927878285
1615692670.91, 1.41298601948, 0.892838917542, 0.384850922043, 0.0297066338012, 3.78349513925
1615692670.93, 1.40641042892, 0.897095981941, 0.387065926835, 0.0245398307091, 3.77945570865
1615692670.95, 1.39988655754, 0.901160146609, 0.389507601355, 0.0300467623439, 3.77571750083
1615692670.97, 1.39353276396, 0.905177935932, 0.388094038365, 0.0262578528034, 3.77301183143
1615692670.99, 1.38664322139, 0.909605306418, 0.388269893085, 0.0221902618519, 3.76985315468
1615692671.0, 1.38097024498, 0.913257269822, 0.393949439605, 0.0209162818894, 3.76660377411
1615692671.03, 1.37351769197, 0.918051570095, 0.390078877442, 0.0168385348824, 3.75639056601
1615692671.05, 1.36681555981, 0.922634139901, 0.393479082322, 0.0, 3.74132779273
1615692671.06, 1.36129919838, 0.926268745459, 0.39687754377, 0.0, 3.72418324394
1615692671.08, 1.35480400558, 0.930580288117, 0.388523619805, -0.0120111866366, 3.69670651161
1615692671.1, 1.34863867709, 0.934459827339, 0.389460439021, -0.0144905132408, 3.66605355861
1615692671.12, 1.34152685459, 0.938676241322, 0.392364812337, -0.0185829264793, 3.62942991855
1615692671.14, 1.3347538269, 0.942494312259, 0.385388561727, -0.0242055692525, 3.59218030545
1615692671.16, 1.32850435374, 0.945661937724, 0.382080686924, -0.020184394353, 3.55793690846
1615692671.18, 1.3202069772, 0.949307736754, 0.384750586054, -0.0144094683359, 3.51815588692
1615692671.2, 1.31430362511, 0.951810594195, 0.376952143984, -0.0183842622673, 3.49386026271
1615692671.23, 1.30570877235, 0.954699734299, 0.382315872114, 0.0, 3.46587400801
1615692671.24, 1.29915523513, 0.957031986301, 0.385299788463, -0.0127724137783, 3.45035617231
1615692671.26, 1.29208470518, 0.959190359486, 0.378955962654, 0.0, 3.43787112591
1615692671.28, 1.28451471787, 0.961700123875, 0.37902594353, -0.012953591955, 3.42756691836
1615692671.3, 1.27810696202, 0.963540786483, 0.383990384232, 0.0, 3.42131655588
1615692671.32, 1.27067097498, 0.965852749191, 0.375973271374, -0.0103470647972, 3.4155194272
1615692671.34, 1.26338711787, 0.967871345259, 0.380163296523, 0.0, 3.41194067368
1615692671.36, 1.25595780708, 0.97062828497, 0.381447276664, -0.0330541728095, 3.41049189222
1615692671.38, 1.24912313526, 0.972507578984, 0.375856556275, 0.0, 3.40992611778
1615692671.41, 1.2406141632, 0.975465024065, 0.378238747657, -0.0256074658459, 3.4085003985
1615692671.43, 1.23330628719, 0.977452441783, 0.385803255149, 0.0, 3.40712630165
1615692671.45, 1.22499486871, 0.980168398493, 0.378659802781, -0.0198514025797, 3.40505089418
1615692671.46, 1.21988514459, 0.98168393824, 0.382756269849, -0.0100563874841, 3.40365891108
1615692671.48, 1.21173783826, 0.984396315459, 0.382232423939, -0.0237289175836, 3.40096826208
1615692671.5, 1.20460160051, 0.986729122738, 0.380879910552, -0.0223966389564, 3.39880369561
1615692671.53, 1.19700902026, 0.989239465151, 0.385787718732, -0.0247114736736, 3.39694194211
1615692671.54, 1.18988989803, 0.991609325465, 0.383265188107, -0.0257831399675, 3.39576996697
1615692671.56, 1.18281440064, 0.994034753253, 0.384358721236, -0.0295167369095, 3.39518787754
1615692671.58, 1.17562675877, 0.996355657055, 0.386508716515, -0.0230315078598, 3.39440759078
1615692671.6, 1.16782989564, 0.99885713265, 0.388334488735, -0.0233112799431, 3.39209232937
1615692671.63, 1.16020550892, 1.00153434049, 0.388564813601, -0.0365600258555, 3.38546673417
1615692671.65, 1.15282935507, 1.00389239381, 0.391100859569, -0.030560130331, 3.37303046865
1615692671.66, 1.14629721558, 1.00602909112, 0.392875913398, -0.0401144020017, 3.35597563841
1615692671.68, 1.13856552705, 1.00817300638, 0.385827150999, -0.0326796116312, 3.32758759852
1615692671.7, 1.13141013599, 1.01018015809, 0.401487892497, -0.0469250751747, 3.29872325371
1615692671.72, 1.12323310012, 1.01173821172, 0.403813794409, -0.026073099915, 3.26539824343
1615692671.74, 1.11542184573, 1.01344274415, 0.395550986781, -0.0506394180121, 3.22910981407
1615692671.76, 1.10767613349, 1.01452433003, 0.396526185041, -0.0352045317705, 3.19178209487
1615692671.78, 1.09971454104, 1.01562871737, 0.396722223806, -0.0502677882246, 3.15339132789
1615692671.8, 1.09175488932, 1.01640036043, 0.394966979595, -0.0488364663098, 3.11521242959
1615692671.82, 1.08306005866, 1.01623742903, 0.392799164833, -0.0184784030262, 3.07584774383
1615692671.84, 1.0760617438, 1.0164000297, 0.387750429418, -0.0452024097663, 3.04877051745
1615692671.86, 1.06796183684, 1.01572412909, 0.390380670616, -0.0137327534345, 3.02317669959
1615692671.88, 1.06011263513, 1.01526156069, 0.384775217264, -0.0302662808198, 3.0042308205
1615692671.9, 1.05202827174, 1.01433819809, 0.388084874974, -0.0146286413537, 2.99019298921
1615692671.92, 1.04513828494, 1.01367613764, 0.392557924312, -0.0252469875596, 2.98157094627
1615692671.94, 1.03648345961, 1.0122110446, 0.389161607146, 0.0, 2.97390188349
1615692671.96, 1.02867685242, 1.01115796918, 0.390261035588, -0.0149323702842, 2.9692627897
1615692671.98, 1.02109922592, 1.00981000323, 0.393503190797, 0.0, 2.96554655215
1615692672.0, 1.01369878932, 1.0084729848, 0.390905844859, 0.0, 2.96285323285
1615692672.03, 1.00497016733, 1.00687335356, 0.388580700874, 0.0, 2.96034117121
1615692672.05, 0.997769345204, 1.00554269293, 0.39582179083, 0.0, 2.95886116409
1615692672.06, 0.9913322913, 1.00434314528, 0.391388757917, 0.0, 2.95735547921
1615692672.08, 0.983243600731, 1.00281995268, 0.391015099001, 0.0, 2.95546098137
1615692672.1, 0.976289112387, 1.00149630797, 0.399688649993, 0.0, 2.9535126485
1615692672.12, 0.967367353739, 0.99974033077, 0.392460030874, 0.0, 2.9472570077
1615692672.14, 0.960794938616, 0.998696920099, 0.391470000367, -0.0182449777701, 2.93757790211
1615692672.16, 0.952190178535, 0.996764858366, 0.40285746332, 0.0, 2.92072174202
1615692672.18, 0.944703608322, 0.995197345569, 0.405322233664, -0.0134405636743, 2.90204953319
1615692672.2, 0.935842549816, 0.993090529646, 0.403768311094, -0.0134891196708, 2.8747699634
1615692672.22, 0.929373468167, 0.991456572118, 0.396564475378, -0.0183776626454, 2.847878637
1615692672.24, 0.921332614011, 0.989228697127, 0.399447564067, -0.0245449357173, 2.8099334752
1615692672.26, 0.913815366053, 0.986747834389, 0.405039350665, -0.0200226364698, 2.77343099292
1615692672.28, 0.907113882703, 0.984127825767, 0.392134374856, -0.0113182041053, 2.74004895332
1615692672.3, 0.899367078922, 0.981160962671, 0.389351172595, -0.0277197267275, 2.70477037602
1615692672.32, 0.891397565684, 0.977136287408, 0.39391576318, 0.0, 2.67394594338
1615692672.34, 0.884713864023, 0.973589140771, 0.388213110315, 0.0, 2.6536753481
1615692672.36, 0.877843106348, 0.969419579955, 0.386110927999, 0.0161188390754, 2.6378696167
1615692672.38, 0.871488824717, 0.965833131311, 0.389357792283, 0.0, 2.62775005018
1615692672.4, 0.864851367752, 0.961624129747, 0.391669729338, 0.0173536082666, 2.62073361768
1615692672.42, 0.858019492339, 0.957656306258, 0.38691751141, 0.0, 2.61542464622
1615692672.44, 0.851458401993, 0.953513836028, 0.393339438723, 0.0130842413208, 2.61167860166
1615692672.46, 0.845472979552, 0.949984581383, 0.389509773368, 0.0, 2.60882436886
1615692672.48, 0.838430734357, 0.945808314817, 0.391297674809, 0.0, 2.6063135065
1615692672.5, 0.831439995481, 0.941642811853, 0.389211547121, 0.0, 2.6042226948
1615692672.52, 0.824517872341, 0.93750479174, 0.395423378369, 0.0, 2.60279504193
1615692672.54, 0.818220906766, 0.933730878197, 0.392013763871, 0.0, 2.60167141809
1615692672.56, 0.811348803935, 0.929347881715, 0.395345787629, 0.0104331467616, 2.60022872824
1615692672.58, 0.804467593734, 0.925196932782, 0.39426041096, 0.0, 2.59880190984
1615692672.6, 0.797820115757, 0.921176221254, 0.393162731017, 0.0, 2.59761631626
1615692672.62, 0.790486302945, 0.916723194267, 0.400442923998, 0.0, 2.59590223922
1615692672.64, 0.784012593, 0.912778835819, 0.396104750152, 0.0, 2.59437119138
1615692672.66, 0.778042501879, 0.909134134752, 0.398309728446, 0.0, 2.59349314348
1615692672.68, 0.77089412444, 0.904759805006, 0.399739395286, 0.0, 2.59244488848
1615692672.7, 0.764206446445, 0.90066013885, 0.397804066741, 0.0, 2.59165613308
1615692672.72, 0.756962252292, 0.896213021426, 0.403774309004, 0.0, 2.59102456942
1615692672.74, 0.750056866628, 0.891964341563, 0.403732324877, 0.0, 2.59002046957
1615692672.76, 0.743520321318, 0.887939200195, 0.407222404768, 0.0, 2.58964345349
1615692672.78, 0.736105100887, 0.883368571779, 0.404357158678, 0.0, 2.58921261205
1615692672.8, 0.7306953611, 0.880035257108, 0.406720522443, 0.0, 2.58936884298
1615692672.82, 0.722090307512, 0.8747390101, 0.405047920823, 0.0, 2.58986776246
1615692672.84, 0.716366009459, 0.87121450552, 0.405719776995, 0.0, 2.58970207347
1615692672.86, 0.709116088316, 0.866746521974, 0.411606134624, 0.0, 2.58928827419
1615692672.88, 0.70224660322, 0.862789337699, 0.412692013441, -0.0124900086895, 2.58871224296
1615692672.9, 0.695296218788, 0.858187500993, 0.398602625474, 0.0119067679994, 2.58662193196
1615692672.92, 0.687943233355, 0.853596240993, 0.406029070618, 0.0, 2.58341944591
1615692672.94, 0.681791688653, 0.849326365205, 0.408466537708, 0.0188891274179, 2.58103876488
1615692672.96, 0.674925286255, 0.844995215513, 0.40834303465, 0.0, 2.57885185378
1615692672.98, 0.667199097007, 0.840099913709, 0.407957408686, 0.0, 2.57683403866
1615692673.0, 0.661030790424, 0.836446924174, 0.403076671107, -0.0116261346311, 2.57807849306
1615692673.02, 0.65343806894, 0.831345697177, 0.410682180844, 0.0124474009851, 2.58030479806
1615692673.04, 0.646882443761, 0.82724120991, 0.407770433987, 0.0, 2.58220158476
1615692673.06, 0.640720060923, 0.823169694828, 0.410028347992, 0.0107752907892, 2.58400228876
1615692673.08, 0.633361598831, 0.818598172967, 0.411381081205, 0.0, 2.58568693532
1615692673.1, 0.626392829979, 0.814278337088, 0.412842695664, 0.0, 2.58667993682
1615692673.12, 0.619011952856, 0.809716021691, 0.409473313456, 0.0, 2.58795138968
1615692673.14, 0.612224852484, 0.805529818094, 0.411533034163, 0.0, 2.58892023938
1615692673.16, 0.605228543437, 0.801233745707, 0.413146627545, 0.0, 2.59090743438
1615692673.18, 0.597509892049, 0.796871548367, 0.416116526154, -0.0136858537073, 2.59431464558
1615692673.2, 0.590872994179, 0.792869509699, 0.416072003338, 0.0, 2.59897137783
1615692673.22, 0.583604056871, 0.78854868284, 0.415289437484, 0.0, 2.60528364061
1615692673.24, 0.576467263204, 0.784371194361, 0.417483539532, 0.0, 2.61201837897
1615692673.26, 0.569987039306, 0.780632701695, 0.415145643778, 0.0, 2.61832568312
1615692673.28, 0.562058456411, 0.776122391051, 0.421890760964, 0.0, 2.62437956004
1615692673.3, 0.554928741017, 0.772101411572, 0.419872625769, 0.0, 2.62808361194
1615692673.32, 0.547062555137, 0.767446388774, 0.420267796077, 0.0104974106611, 2.63221461189
1615692673.34, 0.540113695407, 0.763595494043, 0.428925050837, 0.0, 2.63554857639
1615692673.36, 0.532618484833, 0.759146887863, 0.417158951141, 0.0140090663921, 2.63951613568
1615692673.38, 0.524828205023, 0.755187081478, 0.42498411254, -0.0117747499319, 2.64362713948
1615692673.4, 0.517244108898, 0.751124447451, 0.431264617922, 0.0, 2.64981161251
1615692673.42, 0.509769659174, 0.747175164567, 0.430472829152, 0.0, 2.65550665049
1615692673.44, 0.502336042985, 0.743589170884, 0.427076618588, -0.0132495005819, 2.66110827831
1615692673.46, 0.495425684725, 0.740026837439, 0.431075823333, 0.0, 2.66561707156
1615692673.48, 0.487087209837, 0.736142599366, 0.432793858772, -0.0154063241413, 2.67007767106
1615692673.5, 0.479297765518, 0.73219528529, 0.422434980536, 0.0, 2.67255829234
1615692673.52, 0.471634155544, 0.72864160305, 0.428529245476, -0.0133295772956, 2.67630189084
1615692673.54, 0.464032996198, 0.724857325703, 0.429557173157, 0.0, 2.67966228866
1615692673.56, 0.456394793991, 0.721308577254, 0.421206848416, -0.0101104247127, 2.68266078371
1615692673.58, 0.448479594684, 0.717435792122, 0.430037950486, 0.0, 2.68655405186
1615692673.6, 0.440480458487, 0.714087367925, 0.428756969254, -0.023070382039, 2.6914010825
1615692673.62, 0.432670566181, 0.710396182536, 0.427974006331, 0.0, 2.7000802197
1615692673.64, 0.425443807437, 0.707084121538, 0.425384914929, 0.0, 2.71185363702
1615692673.66, 0.417593600372, 0.703654832444, 0.431149598842, 0.0, 2.72973581712
1615692673.68, 0.409608902578, 0.700389684517, 0.418945009887, 0.0, 2.75341549012
1615692673.7, 0.401591777839, 0.697356144489, 0.431116420458, 0.0, 2.77985977106
1615692673.72, 0.393369488313, 0.694726928951, 0.427198522309, -0.0104967254475, 2.80753509722
1615692673.74, 0.385509268701, 0.692501433414, 0.422186979219, -0.0133663438284, 2.83403094928
1615692673.76, 0.376170946761, 0.69008956244, 0.435502510328, -0.0124965356184, 2.86015280398
1615692673.78, 0.36807332655, 0.687900520905, 0.428585645671, 0.0, 2.87757190178
1615692673.8, 0.360184317054, 0.686315408187, 0.428494007993, -0.0226433158481, 2.89051134275
1615692673.82, 0.351722970566, 0.684232612986, 0.43903031262, 0.0, 2.90023691567
1615692673.84, 0.344492772386, 0.682496820812, 0.440474184538, 0.0, 2.90597645193
1615692673.86, 0.336327273333, 0.680796135411, 0.432352362461, -0.0112576002703, 2.91021914401
1615692673.88, 0.326312313315, 0.678139428003, 0.438844189536, 0.0143323518396, 2.91493873521
1615692673.9, 0.318548795966, 0.67657061426, 0.441021749627, -0.0106007214434, 2.91817047519
1615692673.92, 0.309121819288, 0.674536730929, 0.432424257515, 0.0, 2.92909841207
1615692673.94, 0.301046945681, 0.672909119467, 0.436271330766, 0.0, 2.94269279183
1615692673.96, 0.291885480271, 0.671248712669, 0.436857091176, 0.0, 2.96230070767
1615692673.98, 0.283304647163, 0.669901742612, 0.430829178012, 0.0, 2.98588897588
1615692674.0, 0.275568811998, 0.668877770167, 0.43385330682, 0.0, 3.00999029494
1615692674.02, 0.266332189598, 0.668189351299, 0.432467429, -0.0112249939773, 3.04124887888
1615692674.04, 0.258237305183, 0.667605847069, 0.431739481486, 0.0, 3.06963402951
1615692674.06, 0.249913716521, 0.667253587521, 0.432515302177, 0.0, 3.09929725849
1615692674.08, 0.240569776965, 0.667167642261, 0.434781922104, 0.0, 3.13239494465
1615692674.1, 0.233232174174, 0.667292566931, 0.433804485999, 0.0, 3.15861627915
1615692674.12, 0.223055228638, 0.667841371349, 0.436980941209, 0.0, 3.19546671237
1615692674.14, 0.214918686106, 0.668528347652, 0.435748898597, 0.0, 3.22582386807
1615692674.16, 0.205754178483, 0.669626570232, 0.437339642024, 0.0, 3.26085825273
1615692674.18, 0.196928209499, 0.670998416145, 0.437221262452, 0.0, 3.29579166489
1615692674.2, 0.188529700329, 0.672590466142, 0.438474982453, 0.0, 3.32893318359
1615692674.22, 0.179793667954, 0.674568433676, 0.4361898231, 0.0, 3.36425336983
1615692674.24, 0.171622564059, 0.676711932918, 0.436270375479, 0.0, 3.39813890858
1615692674.26, 0.163814927389, 0.679268185261, 0.440351944122, -0.0126481562097, 3.42928250979
1615692674.28, 0.154959418965, 0.682195536043, 0.440192687312, 0.0, 3.46085265959
1615692674.3, 0.147411985915, 0.685327161969, 0.441123615116, -0.0224004609763, 3.48416277299
1615692674.32, 0.13866392185, 0.689057804137, 0.450323075588, -0.0180505378359, 3.50463166643
1615692674.34, 0.13060455215, 0.692666246436, 0.456471941809, -0.0195730445681, 3.51970666793
1615692674.36, 0.122179543485, 0.69642637938, 0.460124814597, -0.0153034190764, 3.52812348263
1615692674.38, 0.11400522785, 0.700637004319, 0.448529855642, -0.0374974780235, 3.53384364043
1615692674.4, 0.106423293971, 0.704257065072, 0.457739539055, -0.0229451310378, 3.53696008111
1615692674.42, 0.0982761586401, 0.708542690927, 0.450153895338, -0.0389164197225, 3.53960867784
1615692674.44, 0.0900409974859, 0.712471364559, 0.456360494227, -0.0206941096984, 3.54140625144
1615692674.46, 0.0821279972395, 0.716516683431, 0.453214116427, -0.0314362558952, 3.54492741252
1615692674.48, 0.0737724964798, 0.720639742289, 0.447782868955, -0.0223482042748, 3.55012291102
1615692674.5, 0.0655656387543, 0.72496254501, 0.455644664324, -0.0304484282696, 3.55966958439
1615692674.52, 0.057422661215, 0.729035271321, 0.445292385062, -0.0148922053107, 3.57193064079
1615692674.54, 0.0496827497914, 0.7333770409, 0.454678539562, -0.0296430454497, 3.5877069225
1615692674.56, 0.0413962233205, 0.737776447583, 0.452098833855, -0.0109038340036, 3.60554847648
1615692674.58, 0.0340667064911, 0.741871508501, 0.454591918543, -0.0134926468348, 3.62142492702
1615692674.6, 0.0261120779426, 0.746198313232, 0.44923327083, 0.0, 3.6397678862
1615692674.61, 0.0190608189632, 0.750192804645, 0.451203973844, 0.0, 3.65701047116
1615692674.64, 0.0101759608779, 0.755513554506, 0.445796694627, 0.0, 3.6811704938
1615692674.66, 0.00240970451954, 0.760394398018, 0.44772837417, 0.0, 3.7026819173
1615692674.68, -0.00421507310636, 0.764933952246, 0.452810983374, -0.0104137099311, 3.71934901124
1615692674.7, -0.0118505031971, 0.770084989223, 0.450739856372, 0.0, 3.73508329981
1615692674.72, -0.0193348899914, 0.775558650023, 0.452349294739, -0.0113352644182, 3.74799315838
1615692674.74, -0.0269287375969, 0.780929167511, 0.457208407371, 0.0, 3.75714753763
1615692674.76, -0.0339097857686, 0.786192174532, 0.455145275401, -0.0109711746294, 3.76348451047
1615692674.78, -0.0411972763046, 0.791744268152, 0.457296830769, -0.0111391161355, 3.76829125783
1615692674.8, -0.0488358135685, 0.797323258567, 0.458816411984, 0.0, 3.77241446883
1615692674.82, -0.0559820061143, 0.802574695388, 0.45590706822, 0.0, 3.77533224723
1615692674.84, -0.0637172267157, 0.808299103311, 0.458303397499, 0.0, 3.77869177491
1615692674.86, -0.0706244406716, 0.813432516392, 0.465613644744, 0.0, 3.78072489644
1615692674.87, -0.0775811795701, 0.818917324232, 0.453253112812, -0.0120374991942, 3.78267871284
1615692674.9, -0.0849675113642, 0.824466300256, 0.459900105282, 0.0, 3.78589278612
1615692674.92, -0.0926377463464, 0.830268389009, 0.464727516473, 0.0, 3.78920398148
1615692674.94, -0.10018048881, 0.836008087232, 0.463146405536, 0.0, 3.79206906706
1615692674.96, -0.107386834642, 0.841536716969, 0.461613086715, 0.0, 3.79600430866
1615692674.98, -0.114886878513, 0.846932895879, 0.465178626502, 0.0157770651019, 3.79918046386
1615692675.0, -0.121892622109, 0.852375122043, 0.465193830523, 0.0, 3.80204095036
1615692675.02, -0.129844765575, 0.858596818086, 0.466411130862, 0.0, 3.80550461916
1615692675.04, -0.137284557707, 0.864456428567, 0.469894093204, 0.0, 3.808729259
1615692675.05, -0.143755004428, 0.869819222342, 0.465675845272, -0.0106021307298, 3.81089430956
1615692675.07, -0.151089919193, 0.87565288875, 0.47144518247, 0.0, 3.81347859282
1615692675.1, -0.158483939821, 0.881557894516, 0.470215194829, 0.0, 3.81549098872
1615692675.12, -0.166106175849, 0.887665989753, 0.468881985628, 0.0, 3.81715753456
1615692675.14, -0.173533954518, 0.893637879783, 0.474541481139, 0.0, 3.818764266
1615692675.16, -0.181054427738, 0.899165896533, 0.470387731165, 0.0214078775576, 3.82094467302
1615692675.18, -0.188903750241, 0.905914888971, 0.471804407741, -0.0134038363276, 3.82335720677
1615692675.2, -0.195208556648, 0.911068020436, 0.471120613007, 0.0, 3.82681399017
1615692675.22, -0.203285564213, 0.917713493031, 0.483204816339, 0.0, 3.83006089362
1615692675.24, -0.210910221256, 0.92402449706, 0.470983505351, 0.0, 3.83300298368
1615692675.25, -0.217019064954, 0.929099703524, 0.477655967927, 0.0, 3.83483196171
1615692675.28, -0.224858128437, 0.935640673281, 0.478806030233, 0.0, 3.83696425821
1615692675.3, -0.231929278221, 0.942091021737, 0.47722574975, -0.0207941787595, 3.83756536629
1615692675.32, -0.239344644673, 0.948304049834, 0.473480922415, 0.0, 3.83899560601
1615692675.34, -0.246092775745, 0.954434945926, 0.478136391387, -0.0190953058453, 3.83918613821
1615692675.36, -0.254013570856, 0.961076915805, 0.481602669115, 0.0, 3.83940077692
1615692675.38, -0.260986544035, 0.966924091143, 0.482407746532, 0.0, 3.83940077692
1615692675.39, -0.268017276697, 0.972810644424, 0.484674219569, 0.0, 3.83864400776
1615692675.42, -0.275955863467, 0.979749967335, 0.479226583807, -0.0103065107682, 3.83842403801
1615692675.44, -0.283022539584, 0.985976059874, 0.484187515654, -0.012590773144, 3.83784068972
1615692675.45, -0.289492070879, 0.991674625983, 0.47504273679, -0.0119495780226, 3.83856640724
1615692675.47, -0.297060310405, 0.998511140354, 0.483746255463, -0.0176192517433, 3.83983055024
1615692675.49, -0.30394510099, 1.00430483074, 0.479879586631, 0.0, 3.84114311366
1615692675.52, -0.311563295543, 1.0112723474, 0.484656647952, -0.0195981953962, 3.84199447782
1615692675.53, -0.318728623481, 1.01733164438, 0.482361899999, 0.0, 3.84355079798
1615692675.56, -0.326343816001, 1.02379017814, 0.485851433622, 0.0, 3.84498943238
1615692675.58, -0.333856697133, 1.03018561832, 0.485163534508, 0.0, 3.84681968597
1615692675.59, -0.340848713937, 1.03616269657, 0.488325433967, 0.0, 3.84889175322
1615692675.61, -0.348497703929, 1.04239926291, 0.487519889595, 0.012630562389, 3.85152255919
1615692675.64, -0.356559895744, 1.04936797635, 0.486511443839, 0.0, 3.85437007815
1615692675.65, -0.362887912272, 1.05463332294, 0.487142509127, 0.0102227800991, 3.85656643543
1615692675.67, -0.370629827677, 1.06137775777, 0.490011613195, 0.0, 3.85824274687
1615692675.69, -0.378130615563, 1.06761439256, 0.488552497694, 0.0117344163818, 3.85924080282
1615692675.71, -0.385595399019, 1.07414646586, 0.491346031197, 0.0, 3.86045207412
1615692675.74, -0.393220573564, 1.08083280449, 0.491088522425, 0.0, 3.86148462922
1615692675.76, -0.400542865032, 1.08768144606, 0.49164384255, -0.0152829674817, 3.86250377327
1615692675.78, -0.407810994994, 1.09408303783, 0.492189111075, 0.0, 3.86368446023
1615692675.79, -0.414602225561, 1.100073452, 0.493149811995, 0.0, 3.86441898019
1615692675.82, -0.422440475315, 1.10700232384, 0.489667589026, 0.0, 3.86548722654
1615692675.84, -0.430175129949, 1.11385966848, 0.497914453136, 0.0, 3.86694043067
1615692675.85, -0.436886293827, 1.11983120309, 0.499516357638, 0.0, 3.86873882207
1615692675.87, -0.443964209092, 1.12666251177, 0.492438733333, -0.018883643421, 3.87093454505
1615692675.89, -0.451400952655, 1.1333195124, 0.507195884489, 0.0, 3.87172169833
1615692675.91, -0.458760199188, 1.13990186664, 0.496076163772, 0.0, 3.87132363467
1615692675.93, -0.466755307308, 1.14706836484, 0.501891400445, 0.0, 3.87239327577
1615692675.95, -0.474121439708, 1.15368424556, 0.499744885805, 0.0, 3.87338388112
1615692675.98, -0.48197355528, 1.16075155708, 0.501840712119, 0.0, 3.87443642762
1615692675.99, -0.488429976386, 1.16658911799, 0.501041878077, 0.0, 3.87669480465
1615692676.02, -0.496800966307, 1.17418527492, 0.500347410344, 0.0, 3.87850215105
1615692676.03, -0.504047986995, 1.18077699021, 0.501938671461, 0.0, 3.87967318203
1615692676.05, -0.510371724109, 1.18653485677, 0.498709181845, 0.0, 3.88018765116
1615692676.07, -0.517695713609, 1.19317986634, 0.50432188714, 0.0, 3.87842284341
1615692676.09, -0.525312337007, 1.20056307995, 0.500467237019, -0.0199219393812, 3.87164557589
1615692676.11, -0.53325877669, 1.20786695096, 0.507969687011, -0.0127681129554, 3.85975064445
1615692676.13, -0.540613466307, 1.21467077243, 0.504111548921, -0.0207113568375, 3.84704144637
1615692676.15, -0.54811022073, 1.22124530801, 0.504440067429, -0.0134995464548, 3.83479031209
1615692676.18, -0.556198121265, 1.22818510906, 0.509268942238, -0.0134525618111, 3.82433077009
1615692676.19, -0.563106067376, 1.23371738835, 0.509133038914, 0.0, 3.81685614029
1615692676.21, -0.571650152886, 1.2404588764, 0.510311846728, 0.0, 3.80960495383
1615692676.23, -0.580238098473, 1.24680229599, 0.509363500637, 0.0129019181749, 3.80310917291
1615692676.25, -0.587963580102, 1.25274386158, 0.511094476042, 0.0, 3.79719779624
1615692676.27, -0.595660588637, 1.25836890157, 0.510717696418, 0.0101310890771, 3.79253206399
1615692676.29, -0.604218871809, 1.26443822451, 0.510973373041, 0.0153221590108, 3.78842725899
1615692676.31, -0.613054472038, 1.27079248914, 0.508559746775, 0.0100319422139, 3.78478995225
1615692676.33, -0.621139467675, 1.27683256111, 0.513298457094, 0.0, 3.78321705721
1615692676.35, -0.628981445083, 1.28267491378, 0.51683824063, 0.0, 3.78189259435
1615692676.37, -0.63732621832, 1.28887598569, 0.509634267712, 0.0, 3.78066859147
1615692676.39, -0.646111953605, 1.29537038644, 0.519473529514, 0.0, 3.77814476875
1615692676.41, -0.653775843254, 1.30100478796, 0.512564543822, 0.0, 3.77554664511
1615692676.43, -0.662384783021, 1.30770650964, 0.517874701501, -0.0156715292398, 3.77280921847
1615692676.45, -0.670675848715, 1.31374704291, 0.51963566622, 0.0, 3.77122993375
1615692676.47, -0.678577320564, 1.31973999057, 0.513280018131, -0.0105792988528, 3.76987774998
1615692676.49, -0.687121899723, 1.3259368832, 0.516195772684, 0.0, 3.76905983118
1615692676.51, -0.695335411848, 1.33218478464, 0.520972849937, -0.0134483086243, 3.76608951723
1615692676.53, -0.703527830704, 1.3380647795, 0.512827816409, 0.0, 3.76412313613
1615692676.55, -0.7117054191, 1.34467487182, 0.516844618278, -0.0301545115239, 3.76310762793
1615692676.57, -0.720246520025, 1.35078675374, 0.517604845377, 0.0, 3.76270181091
1615692676.59, -0.728694892225, 1.35732820087, 0.516491764925, -0.0198296738723, 3.76208164842
1615692676.61, -0.736125925281, 1.3629392094, 0.517008080468, -0.013762959205, 3.7617215696
1615692676.63, -0.745434042638, 1.37000677157, 0.524501481723, -0.0160693379593, 3.760385243
1615692676.65, -0.752918491057, 1.37576759283, 0.517727907731, -0.0216318292321, 3.7558285275
1615692676.67, -0.761262724887, 1.38203503998, 0.527214931705, -0.020611115187, 3.7467300932
1615692676.69, -0.769941753, 1.38830165941, 0.522225697934, -0.0184884719397, 3.73157054348
1615692676.71, -0.777507603438, 1.39380525303, 0.525594903189, -0.0307642097966, 3.71202348628
1615692676.73, -0.787702057016, 1.4003598194, 0.525709090285, -0.0171140786422, 3.68045599697
1615692676.75, -0.795559580976, 1.40527731798, 0.52198331424, -0.0260968038866, 3.65083694544
1615692676.77, -0.805662581376, 1.41088175711, 0.520076658127, -0.0218859647563, 3.60600284344
1615692676.79, -0.815022950011, 1.41554905059, 0.522779892235, -0.0218194812968, 3.5624247132
1615692676.81, -0.823105889382, 1.41908274315, 0.512611993809, -0.0158299893105, 3.5228625351
1615692676.83, -0.832669291842, 1.42280333555, 0.516987531563, -0.0187091428701, 3.47644641678
1615692676.85, -0.842509377546, 1.4261879098, 0.515895534808, -0.0220824276805, 3.43009660518
1615692676.87, -0.8512391383, 1.42859604043, 0.51215157746, -0.0107367811491, 3.38979071274
1615692676.89, -0.861939742156, 1.43127026639, 0.506111607801, -0.0243482417235, 3.33841857494
1615692676.91, -0.872076464119, 1.43281643009, 0.512002843182, 0.0, 3.29295692174
1615692676.93, -0.882308097334, 1.43447204089, 0.507316104635, -0.0272876043612, 3.24827872955
1615692676.95, -0.891937638013, 1.43492721156, 0.504513739697, 0.0104307654678, 3.20949760143
1615692676.97, -0.902297827546, 1.43563688488, 0.499949498061, -0.0184129219755, 3.17317292143
1615692676.99, -0.91374403331, 1.43502587685, 0.503365718319, 0.0274311381998, 3.14270402823
1615692677.01, -0.923589017351, 1.43484361215, 0.496781536769, 0.0, 3.12308130951
1615692677.03, -0.933612760658, 1.43408095526, 0.501230751037, 0.0217677664878, 3.10905528701
1615692677.05, -0.943234978703, 1.43345788031, 0.50075724939, 0.0110763929335, 3.09904483513
1615692677.07, -0.95259274876, 1.43239881559, 0.499385782779, 0.0314064161024, 3.09170464474
1615692677.09, -0.961749198641, 1.4316665211, 0.494714064357, 0.0121402146067, 3.08632164183
1615692677.11, -0.971806023852, 1.43044386659, 0.504372626666, 0.0307533848941, 3.08150991615
1615692677.13, -0.982085775067, 1.42943826343, 0.497033990338, 0.0167525313135, 3.07777147473
1615692677.15, -0.991215772299, 1.42864930024, 0.506051870179, 0.0104102330498, 3.07596097173
1615692677.17, -1.00330235815, 1.42716761231, 0.497217901098, 0.0268278564831, 3.07351548853
1615692677.19, -1.01307177297, 1.42607650615, 0.503730974584, 0.0201741075714, 3.07039563829
1615692677.21, -1.02160367122, 1.42508640854, 0.49680071905, 0.0198896172993, 3.06607686454
1615692677.23, -1.03290509022, 1.42388452962, 0.499188684797, 0.0106486975041, 3.05697204054
1615692677.25, -1.04082613177, 1.42284210486, 0.501807789871, 0.0180162932164, 3.04662997894
1615692677.27, -1.05174602596, 1.42158674799, 0.501796082314, 0.0, 3.02713457789
1615692677.29, -1.06229151204, 1.41968402315, 0.503563419561, 0.0194142767315, 3.00161768669
1615692677.31, -1.07131114356, 1.41795894054, 0.511863814859, 0.0126912940556, 2.97740538539
1615692677.33, -1.0812903115, 1.4159359738, 0.49459206013, 0.0, 2.94158406281
1615692677.35, -1.09022411208, 1.41376762593, 0.497060661746, 0.0, 2.90348419183
1615692677.37, -1.10035378077, 1.41122344345, 0.49341256347, -0.0195623604454, 2.85589482883
1615692677.39, -1.11099105793, 1.40697136157, 0.495011347886, 0.020159390414, 2.80201818058
1615692677.41, -1.11961955445, 1.40311658803, 0.486495688573, 0.0158738369409, 2.75406278231
1615692677.43, -1.12820679842, 1.39885170733, 0.480127168743, 0.01052945909, 2.70255325517
1615692677.45, -1.13573950377, 1.39447118466, 0.485503746734, 0.0223083528436, 2.66077850576
1615692677.47, -1.14253872906, 1.39023503796, 0.475014546123, 0.0205228526238, 2.62758636385
1615692677.49, -1.15194674725, 1.38356413105, 0.476729445687, 0.0300452995483, 2.58774848005
1615692677.51, -1.15909413073, 1.3781106679, 0.478697467553, 0.0352848638592, 2.56339957625
1615692677.53, -1.16732799076, 1.37136697903, 0.467645575588, 0.0404444826111, 2.54163245657
1615692677.55, -1.1735679712, 1.36592190407, 0.470721481801, 0.0498190227412, 2.52956030558
1615692677.57, -1.18016774073, 1.36029282544, 0.47086913543, 0.040196790878, 2.52056629139
1615692677.59, -1.18702847327, 1.3539433893, 0.465290661711, 0.054362160373, 2.51118747899
1615692677.61, -1.19465074732, 1.3471300145, 0.473264050028, 0.0406451711577, 2.49784321961
1615692677.63, -1.20152542551, 1.34057923044, 0.469431981341, 0.0470127746099, 2.48013056993
1615692677.65, -1.20800977184, 1.33445796879, 0.467209959603, 0.0335682624942, 2.45671504886
1615692677.67, -1.21434101124, 1.32780137977, 0.46871343917, 0.0450005652806, 2.42686470296
1615692677.69, -1.22067979221, 1.32093591782, 0.45938217456, 0.0337852476333, 2.38974116924
1615692677.71, -1.22627920403, 1.31435450597, 0.461486997848, 0.0350089183243, 2.35146603539
1615692677.73, -1.23191589557, 1.30692594414, 0.453772114596, 0.0390804554825, 2.30580858054
1615692677.75, -1.23759314914, 1.29884677896, 0.446611352872, 0.031206687079, 2.25309506319
1615692677.77, -1.24247364704, 1.29073189714, 0.447478122565, 0.039921789441, 2.20124291505
1615692677.79, -1.24629913696, 1.28391715118, 0.440636670984, 0.0334538726542, 2.15809166877
1615692677.81, -1.250188946, 1.27614940876, 0.438582710769, 0.0343719503417, 2.11326593564
1615692677.83, -1.25367566405, 1.2680156356, 0.445605268787, 0.0437042424006, 2.07353848664
1615692677.85, -1.25678286666, 1.26019529866, 0.428672698706, 0.0386591249848, 2.03893314761
1615692677.87, -1.25968620378, 1.25153224301, 0.429810011176, 0.0483491549412, 2.00619075541
1615692677.89, -1.26240126254, 1.24277140762, 0.427878121334, 0.047510543144, 1.98190323097
1615692677.91, -1.26447997972, 1.23462440806, 0.419809683417, 0.0611474027617, 1.96525525333
1615692677.93, -1.26655654743, 1.22717633917, 0.418932785618, 0.0469277639492, 1.95425004253
1615692677.95, -1.26839274785, 1.21852985326, 0.42020904026, 0.0698208710656, 1.94470458253
1615692677.97, -1.27052804297, 1.20977379973, 0.413220716759, 0.0530945765347, 1.93778205133
1615692677.99, -1.27221296909, 1.20201647141, 0.411905470258, 0.0617141910917, 1.9333984397
1615692678.01, -1.2739678581, 1.19433645336, 0.41679419679, 0.0565156779915, 1.93021435245
1615692678.03, -1.27581292482, 1.18524704626, 0.416988725225, 0.0656139730517, 1.92713828071
1615692678.05, -1.27742944082, 1.17775042897, 0.414225126432, 0.0588078551941, 1.92420546519
1615692678.07, -1.27888276, 1.17076831741, 0.421375579069, 0.0619675917233, 1.92202863443
1615692678.09, -1.28095621111, 1.16081988206, 0.410071095011, 0.0588611516797, 1.91883971194
1615692678.11, -1.28271021651, 1.15277770581, 0.417622222261, 0.054840689209, 1.91610383502
1615692678.13, -1.28454206153, 1.14396388414, 0.417247155221, 0.0579639228307, 1.91375314217
1615692678.15, -1.28605186906, 1.1367760129, 0.411558762489, 0.0556919617945, 1.91233834729
1615692678.17, -1.28790783193, 1.1281557685, 0.419218915721, 0.0540508036797, 1.91108667835
1615692678.19, -1.28970472939, 1.11935272046, 0.417946598621, 0.057717888077, 1.90938309179
1615692678.21, -1.29114777694, 1.11233169839, 0.414367309365, 0.056218118115, 1.90835462555
1615692678.23, -1.29304057285, 1.10326128447, 0.419456107211, 0.0552467102318, 1.90747858987
1615692678.25, -1.29463918665, 1.09551516447, 0.41685850663, 0.0557609737701, 1.90729052768
1615692678.27, -1.29645484599, 1.08789084902, 0.412755899694, 0.0423854760339, 1.90691274866
1615692678.29, -1.29823863384, 1.0790269393, 0.420657767523, 0.0579455844931, 1.90627396094
1615692678.31, -1.30022200271, 1.070382758, 0.421878949908, 0.0456751345197, 1.90418395974
1615692678.33, -1.30180045394, 1.06254550554, 0.418842936797, 0.0556886576194, 1.901724243
1615692678.35, -1.30361014596, 1.05448488307, 0.423753849343, 0.045672414934, 1.89901059612
1615692678.37, -1.30528465374, 1.04520379805, 0.428702620291, 0.0634263485335, 1.8961815499
1615692678.39, -1.30694014355, 1.03815312523, 0.421591073118, 0.038398377938, 1.89224671818
1615692678.41, -1.30852560457, 1.02856071514, 0.425344512523, 0.0631859648899, 1.88207224113
1615692678.43, -1.30994661133, 1.02114397308, 0.428800921648, 0.0472385646429, 1.86981862283
1615692678.45, -1.31129284046, 1.01159151959, 0.415263743842, 0.0560444273841, 1.84495493195
1615692678.47, -1.31239833074, 1.00440195364, 0.416848338229, 0.040091516578, 1.81924735267
1615692678.49, -1.31308126073, 0.997021273736, 0.411374355976, 0.0514237587522, 1.78742271665
1615692678.51, -1.31419810669, 0.987593770375, 0.407438744293, 0.021466829214, 1.74135210833
1615692678.53, -1.31449749617, 0.980189713617, 0.405272535656, 0.0378753910669, 1.70439610449
1615692678.55, -1.31487673161, 0.972390292162, 0.396873869567, 0.0180734066921, 1.6648895766
1615692678.57, -1.31443454833, 0.963394221788, 0.401528655895, 0.041976809937, 1.62584704335
1615692678.59, -1.31395037198, 0.955578259362, 0.393933115025, 0.0342861545795, 1.59574496183
1615692678.61, -1.31303739131, 0.947346105691, 0.393472201889, 0.0435748054401, 1.57063834103
1615692678.63, -1.31191061503, 0.939257301633, 0.392216954597, 0.0477294421061, 1.55348229332
1615692678.65, -1.31082654708, 0.931871395251, 0.392247091826, 0.0463610396182, 1.54270934063
1615692678.67, -1.30969024776, 0.925061110363, 0.389874011869, 0.0511267331503, 1.53586131035
1615692678.69, -1.30828977146, 0.917356164237, 0.39351906753, 0.0552726411668, 1.53054043007
1615692678.71, -1.30668360663, 0.909013071053, 0.392856477114, 0.0573706666965, 1.52561843582
1615692678.73, -1.30519422807, 0.900771182922, 0.394882910893, 0.0518898632754, 1.52267437638
1615692678.75, -1.30340638681, 0.89331285406, 0.395716512845, 0.0729835782397, 1.51790934263
1615692678.77, -1.3020835031, 0.885909024001, 0.407090753276, 0.0497223716708, 1.51552528329
1615692678.79, -1.29993628938, 0.877283174351, 0.39857399409, 0.0756632917687, 1.51442973799
1615692678.81, -1.29845507288, 0.869719157133, 0.398559498422, 0.0548732779598, 1.51423815674
1615692678.83, -1.29668089762, 0.862150510667, 0.400598530179, 0.0706062652447, 1.51500259346
1615692678.85, -1.29499875805, 0.853350847376, 0.401981571798, 0.0549013495326, 1.51765244426
1615692678.87, -1.29311892806, 0.846196598831, 0.400289128933, 0.0822763399831, 1.51656638564
1615692678.89, -1.29195528879, 0.838670451555, 0.399656594678, 0.0399167621299, 1.5169456047
1615692678.91, -1.28976829489, 0.83001349979, 0.402041129319, 0.0788225855481, 1.5169456047
1615692678.93, -1.2882114455, 0.821747605854, 0.39509490564, 0.0521597491178, 1.51589030445
1615692678.95, -1.28635425511, 0.813936763225, 0.398192261261, 0.0717727586388, 1.51569187582
1615692678.97, -1.28478973404, 0.806307973911, 0.399535967034, 0.0596224015871, 1.51665577827
1615692678.99, -1.28287686985, 0.798273595697, 0.397102828319, 0.072597232537, 1.51788331449
1615692679.01, -1.28137706279, 0.790538161566, 0.397989316797, 0.0559940802973, 1.51905962409
1615692679.03, -1.27961213724, 0.78276694626, 0.401401955822, 0.07012499437, 1.52042861402
1615692679.05, -1.27794680346, 0.774173434182, 0.39946795852, 0.0569865648671, 1.52107940375
1615692679.07, -1.27654962492, 0.767414596902, 0.399555475667, 0.0623554385933, 1.52176208199
1615692679.09, -1.27484539881, 0.759117498879, 0.403929718024, 0.06302912917, 1.52300522505
1615692679.11, -1.27315859135, 0.751089325267, 0.403261614371, 0.0649577687685, 1.52340690313
1615692679.13, -1.2715155026, 0.742926097851, 0.402386721544, 0.0616605077099, 1.52422510801
1615692679.15, -1.26989317663, 0.734840211871, 0.408266320882, 0.0627205608539, 1.52522340236
1615692679.17, -1.26812550203, 0.726371896387, 0.400670179586, 0.0649223581434, 1.5256496614
1615692679.19, -1.26671948561, 0.718803095127, 0.40833983323, 0.0573960177133, 1.52676980914
1615692679.2, -1.26515735418, 0.711848749676, 0.408279644866, 0.073290952351, 1.52745713174
1615692679.23, -1.26350193633, 0.70296265648, 0.406663378124, 0.0582050329166, 1.5287773079
1615692679.25, -1.26174746764, 0.694506818486, 0.406251916763, 0.0671550900651, 1.53003568592
1615692679.26, -1.26038909808, 0.687363175055, 0.408072126623, 0.0607777393156, 1.53074068964
1615692679.29, -1.258509826, 0.678660431349, 0.40194176662, 0.0701706137201, 1.53095889748
1615692679.31, -1.25679914083, 0.670822123803, 0.404300402869, 0.0716634000028, 1.53134967984
1615692679.33, -1.25510586987, 0.662835019143, 0.402659515349, 0.0685644611686, 1.53055011932
1615692679.35, -1.25342711678, 0.65478549716, 0.400224145326, 0.0670409782769, 1.53115800803
1615692679.36, -1.25193577229, 0.647413130562, 0.402621545071, 0.0654140922553, 1.53226440851
1615692679.39, -1.25008591132, 0.638746669191, 0.402134928996, 0.0695793094018, 1.53183012907
1615692679.41, -1.24851414124, 0.630897964713, 0.404861218407, 0.0624363755439, 1.52616350819
1615692679.43, -1.24683116704, 0.622969895591, 0.407060297531, 0.0631534161917, 1.51553899955
1615692679.45, -1.24512725198, 0.614301326911, 0.405085447454, 0.0483963163253, 1.49561654307
1615692679.46, -1.24369398482, 0.607249184079, 0.407681184041, 0.0428773354754, 1.47507719424
1615692679.49, -1.24171628783, 0.598908695699, 0.402866279491, 0.0431237212494, 1.44461245056
1615692679.51, -1.23994290128, 0.591277246196, 0.390298394512, 0.0258318603699, 1.40855841096
1615692679.53, -1.23785629739, 0.583805486187, 0.394803936106, 0.0277224418849, 1.36857215268
1615692679.55, -1.23539003885, 0.575562608447, 0.387632556986, 0.0160890604568, 1.32155695296
1615692679.56, -1.23342097646, 0.569768788886, 0.385971864725, 0.0169935048136, 1.28718662459
1615692679.58, -1.23030594224, 0.56244893805, 0.393180256258, 0.0297655835644, 1.24401216739
1615692679.6, -1.22732029275, 0.555539646006, 0.372902119479, 0.0134753687088, 1.19903046721
1615692679.62, -1.22427537191, 0.548763209044, 0.368966226861, 0.0, 1.14849180295
1615692679.65, -1.22045518827, 0.541445584749, 0.363424269451, 0.0, 1.08966280454
1615692679.66, -1.21756147101, 0.536426355584, 0.362734137374, 0.0, 1.04781580298
1615692679.69, -1.2132459853, 0.529925586095, 0.346437354141, 0.0, 0.98475161018
1615692679.7, -1.20970855837, 0.525116338984, 0.353429337478, 0.0, 0.93660953558
1615692679.73, -1.20443277824, 0.518810936264, 0.349681969652, 0.0, 0.87406981806
1615692679.75, -1.19974550795, 0.51303889005, 0.354931934267, -0.0228250639783, 0.82452266679
1615692679.77, -1.19493669834, 0.508297397653, 0.345172347313, 0.0, 0.77834958067
1615692679.79, -1.1901155365, 0.503406551921, 0.345645976795, -0.021394313896, 0.73075531987
1615692679.81, -1.1850974081, 0.499288193568, 0.341578729218, 0.0, 0.68723373018
1615692679.83, -1.17963767361, 0.494883675759, 0.336544642021, -0.0117584660278, 0.64390502554
1615692679.84, -1.17451414858, 0.49130078583, 0.336310784202, 0.0, 0.61025717441
1615692679.86, -1.16896108126, 0.487645890933, 0.335277930982, 0.0, 0.58210129939
1615692679.89, -1.16300187435, 0.483910431303, 0.32976378632, 0.0, 0.55992020747
1615692679.9, -1.15766011391, 0.480664166294, 0.334035816733, 0.0, 0.54607258969
1615692679.93, -1.15165269641, 0.477100997035, 0.332256461504, 0.0, 0.53535144976
1615692679.95, -1.14590100241, 0.473744867183, 0.32595300465, 0.0, 0.52820091896
1615692679.97, -1.14045610101, 0.47059656807, 0.333772598256, 0.0, 0.52424370227
1615692679.99, -1.13455038949, 0.467206245538, 0.329000614158, 0.0, 0.52113899162
1615692680.0, -1.12933594018, 0.464001224971, 0.330463134424, -0.0105829433047, 0.51910267052
1615692680.03, -1.12333160466, 0.460590364816, 0.332138328369, 0.0, 0.51660774404
1615692680.05, -1.11759261167, 0.457346676173, 0.334427976008, 0.0, 0.51443942723
1615692680.06, -1.1119568254, 0.454185728627, 0.334040412304, 0.0, 0.51115093159
1615692680.08, -1.10605216175, 0.450899063272, 0.333931070942, 0.0, 0.50791301655
1615692680.1, -1.10083231019, 0.448030807834, 0.338063540472, 0.0, 0.50245145484
1615692680.12, -1.09469331804, 0.444754096172, 0.331731585998, 0.0, 0.49028478324
1615692680.15, -1.08773137208, 0.441222780609, 0.340397414742, 0.0, 0.46941574778
1615692680.17, -1.08158419677, 0.438295447509, 0.335219401292, 0.0, 0.44443336661
1615692680.18, -1.07660939741, 0.435810528119, 0.334779939518, -0.0154200723274, 0.41722088105
1615692680.2, -1.0699623239, 0.432924092384, 0.338038132891, -0.0105618903258, 0.3784377305
1615692680.22, -1.06421363188, 0.430282127628, 0.333878317751, -0.0298462846994, 0.341633567
1615692680.24, -1.05803897958, 0.42781028087, 0.331254071952, -0.0272150280035, 0.29881013828
1615692680.26, -1.05240885118, 0.425576453369, 0.331481465782, -0.0398763976155, 0.25799067203
1615692680.28, -1.04562728436, 0.423293836303, 0.333160616594, -0.0386671129934, 0.20913542044
1615692680.3, -1.03873455717, 0.42101115231, 0.33058800579, -0.052583317922, 0.16206628462
1615692680.33, -1.03182106046, 0.419282565609, 0.333887571961, -0.0416970482866, 0.12076731067
1615692680.35, -1.02503507713, 0.417749509845, 0.330509793647, -0.0453108474499, 0.0859407398896
1615692680.37, -1.01865407638, 0.416541022794, 0.330191381463, -0.0424822661431, 0.0592149374396
1615692680.39, -1.01204529424, 0.415495500687, 0.3312492767, -0.0395206102872, 0.0381551262896
1615692680.4, -1.00588409942, 0.414543997971, 0.329782676802, -0.0426345884665, 0.0246565338896
1615692680.42, -0.999170356164, 0.41375610747, 0.333589508739, -0.034226550184, 0.0145775073896
1615692680.44, -0.993473728549, 0.413024238135, 0.331772605068, -0.040317970975, 0.00684426953959
1615692680.46, -0.986394298955, 0.412060719585, 0.326992950252, -0.0457566257549, 6.27942653042
1615692680.48, -0.979366239769, 0.411290676828, 0.337559039361, -0.0421832692092, 6.26799577812
1615692680.5, -0.972510896285, 0.410718827102, 0.338952996124, -0.0374057547437, 6.25649726274
1615692680.52, -0.965830525191, 0.409728636274, 0.335305639668, -0.0623809438257, 6.24639868134
1615692680.54, -0.960196774235, 0.409202372287, 0.342759447123, -0.0468410010293, 6.24051052458
1615692680.56, -0.952193186108, 0.408320211553, 0.328123605487, -0.0537544125379, 6.23058159927
1615692680.59, -0.945629777616, 0.407455565553, 0.333056910628, -0.0637938236721, 6.22492023348
1615692680.6, -0.938909249612, 0.406964022848, 0.337073661737, -0.045932843448, 6.22076054214
1615692680.62, -0.931918210413, 0.40602815226, 0.331094907065, -0.067004847917, 6.21658454534
1615692680.64, -0.92522741085, 0.40531185731, 0.337403788819, -0.0599356757042, 6.21403184532
1615692680.66, -0.919446005038, 0.404572287675, 0.331726295779, -0.0660559699781, 6.2138595259
1615692680.68, -0.912308474404, 0.403798544855, 0.338320967039, -0.0600404802879, 6.2155310499
1615692680.7, -0.905242251574, 0.403025506082, 0.332219818662, -0.0570561289378, 6.22206829425
1615692680.72, -0.898668842104, 0.402492533388, 0.332432734819, -0.0437348518841, 6.23327965617
1615692680.74, -0.892027248648, 0.401631231213, 0.331612646556, -0.0540352521813, 6.25062135312
1615692680.76, -0.885183725836, 0.400850413007, 0.32902265731, -0.0398061216798, 6.27639220864
1615692680.79, -0.878252676241, 0.400062464347, 0.330159879379, -0.0299019344593, 0.0228762737396
1615692680.8, -0.87198105202, 0.399123503573, 0.326869721985, -0.0317305036634, 0.0518412707396
1615692680.82, -0.866119261138, 0.398042592627, 0.323416844757, -0.0330132067293, 0.0806270103596
1615692680.84, -0.860283939328, 0.396937352773, 0.329619964705, -0.0264788832836, 0.10702831473
1615692680.86, -0.853556057013, 0.395302977471, 0.326974293892, -0.0344453263657, 0.13335091848
1615692680.88, -0.846797778115, 0.393578307909, 0.330647698532, -0.0317472213423, 0.15413893947
1615692680.9, -0.840131317888, 0.391653127297, 0.332717674577, -0.0375168106904, 0.16885285096
1615692680.92, -0.83391655972, 0.389833236634, 0.33439109547, -0.0355797532445, 0.17886652684
1615692680.94, -0.827549546193, 0.387705632659, 0.333101532011, -0.045597015593, 0.18645401686
1615692680.96, -0.821294888855, 0.385777913594, 0.333820515939, -0.0358743812117, 0.19191235282
1615692680.98, -0.814579084997, 0.383592635065, 0.339984462866, -0.0402104035211, 0.19686329578
1615692681.0, -0.807704541262, 0.381594597747, 0.340023832641, -0.0280883754657, 0.20043040255
1615692681.02, -0.801331571903, 0.379302052148, 0.33314618131, -0.0471714069696, 0.2046574852
1615692681.04, -0.795092191622, 0.377429021184, 0.339676971511, -0.0283113992649, 0.2084799072
1615692681.06, -0.789226572362, 0.37531427271, 0.334173125988, -0.0452495574364, 0.21143828128
1615692681.08, -0.782711103245, 0.373360567643, 0.334132392452, -0.0257943456293, 0.21427986842
1615692681.1, -0.776447605705, 0.371135708791, 0.33609275075, -0.0419195523792, 0.21722361062
1615692681.12, -0.76987691229, 0.369104551636, 0.336156701231, -0.0270648006455, 0.21946685525
1615692681.14, -0.763409403189, 0.366847396154, 0.333121875464, -0.0379576002068, 0.22232720113
1615692681.16, -0.757218239661, 0.364891857584, 0.334011599963, -0.0270816444855, 0.22503967971
1615692681.18, -0.750776438672, 0.362477970946, 0.329236100436, -0.0431706841268, 0.22814725131
1615692681.2, -0.744293150395, 0.360456130843, 0.330510410387, -0.0237348641423, 0.23060664387
1615692681.22, -0.738341850607, 0.358217241489, 0.332115488119, -0.0425784129159, 0.23231574747
1615692681.24, -0.73159331286, 0.356218830885, 0.329870738118, -0.0175784466498, 0.23465941165
1615692681.26, -0.726091617086, 0.354229386729, 0.328674605973, -0.0363652240306, 0.23678243377
1615692681.28, -0.719802200483, 0.352437013037, 0.333979697811, -0.012862066671, 0.23913047521
1615692681.3, -0.713068316043, 0.349947502873, 0.330049974143, -0.0372515749795, 0.24172427869
1615692681.32, -0.706806713629, 0.348052039132, 0.330451256652, -0.0165508967305, 0.24389930935
1615692681.34, -0.700503947339, 0.345823827559, 0.3320219424, -0.0312055041256, 0.24610436891
1615692681.36, -0.694467713311, 0.343814425136, 0.331876704191, -0.0241268411282, 0.24878103227
1615692681.38, -0.68838555122, 0.341816523685, 0.329253312856, -0.0213388981667, 0.25266162847
1615692681.4, -0.68141858029, 0.339617712219, 0.334084602567, -0.0152522689432, 0.26008896315
1615692681.42, -0.675248255421, 0.337455263556, 0.332251952943, -0.0224847938198, 0.26951317275
1615692681.44, -0.669253800145, 0.335471160518, 0.330585313158, -0.0131710852273, 0.27981916401
1615692681.46, -0.662882897122, 0.332910780125, 0.345267489116, -0.0317218235027, 0.29051280939
1615692681.48, -0.657113255632, 0.331140412943, 0.343239513459, 0.0, 0.29772179593
1615692681.5, -0.650042033029, 0.327266984617, 0.329908717485, -0.0654959771977, 0.30515283073
1615692681.52, -0.643779038884, 0.324808873699, 0.341996453773, -0.0218996225202, 0.31006103498
1615692681.54, -0.637672926832, 0.321799307249, 0.337049790294, -0.0488991871838, 0.31385876638
1615692681.56, -0.63172335456, 0.319138772877, 0.330917844825, -0.0344430255606, 0.31679710843
1615692681.58, -0.626180653243, 0.315993306108, 0.319636097464, -0.0636769775865, 0.31953468775
1615692681.6, -0.619380443195, 0.313331931964, 0.336479501721, -0.0169973694603, 0.32256916983
1615692681.62, -0.613311263393, 0.310294587126, 0.338107301404, -0.047938230196, 0.32316539271
1615692681.64, -0.607921285247, 0.307895772742, 0.322414209939, -0.0307279209035, 0.32371186953
1615692681.66, -0.602308280145, 0.305114411286, 0.33613835082, -0.0457378912246, 0.32481982929
1615692681.68, -0.595966964233, 0.302190207866, 0.329648118826, -0.0350010975672, 0.32629437908
1615692681.7, -0.589887459503, 0.299139131831, 0.328685776209, -0.0453128320085, 0.32813948141
1615692681.72, -0.583859054781, 0.296485314296, 0.326073295077, -0.0272347433912, 0.33136026845
1615692681.74, -0.577743604584, 0.29313766841, 0.328235156985, -0.0556766003346, 0.33282613978
1615692681.76, -0.572176545019, 0.290527814616, 0.326300781931, -0.0338906621868, 0.33488776902
1615692681.78, -0.566261344912, 0.287403662472, 0.314733187922, -0.0473577659136, 0.33656921126
1615692681.8, -0.560728431046, 0.284711342217, 0.309616137348, -0.0356765117269, 0.33814864854
1615692681.82, -0.555037082958, 0.281710915636, 0.309953337565, -0.0453133556325, 0.33999716268
1615692681.84, -0.549332511412, 0.278824227856, 0.304091573558, -0.0383784151669, 0.3429174231
1615692681.86, -0.544712211005, 0.276349159978, 0.302489648133, -0.0446801515964, 0.34514585957
1615692681.88, -0.539379926425, 0.27362531729, 0.301731405471, -0.0375985250614, 0.34829660869
1615692681.9, -0.53372907926, 0.270464484718, 0.300438025192, -0.0480249585992, 0.35148875929
1615692681.92, -0.528959957278, 0.267887391211, 0.271224742696, -0.0384331864932, 0.35465499625
1615692681.94, -0.524668048023, 0.265556323752, 0.236993353804, -0.0336544212419, 0.35649134383
1615692681.96, -0.52076525596, 0.262918265198, 0.226858691994, -0.054673266229, 0.35790444356
1615692681.98, -0.51732708068, 0.260905354553, 0.210593048812, -0.0361258695888, 0.35976904376
1615692682.0, -0.514015095196, 0.258473979473, 0.186863322977, -0.0522901692472, 0.36040426238
1615692682.02, -0.511447293161, 0.256835808203, 0.151635419761, -0.0319182818153, 0.36040426238
1615692682.04, -0.509334169574, 0.255036838222, 0.126244403228, -0.0454671466715, 0.35957697854
1615692682.06, -0.507710733385, 0.253666116328, 0.110639472671, -0.0393839296261, 0.3592151402
1615692682.08, -0.506374389851, 0.252240246398, 0.0902263165341, -0.0445215774066, 0.35940937028
1615692682.1, -0.50526889049, 0.250898403793, 0.070418531322, -0.0404705306832, 0.36005154836
1615692682.12, -0.504586992758, 0.249832976374, 0.0502725802982, -0.0375092885385, 0.3604548906
1615692682.14, -0.504191465584, 0.248888674289, 0.0358084830968, -0.0378640917766, 0.36084779012
1615692682.16, -0.504066270103, 0.248063401004, 0.0205674736802, -0.0366149565709, 0.36124531018
1615692682.18, -0.504319176495, 0.247394820742, 0.0, -0.0364291274165, 0.36163775192
1615692682.2, -0.50490046048, 0.246784561581, -0.0152787874361, -0.03623677549, 0.36206637132
1615692682.22, -0.505635324178, 0.246335052992, -0.0272704927964, -0.0351832086707, 0.3624534105
1615692682.24, -0.506644384904, 0.245958660947, -0.0395716455693, -0.0346992877372, 0.3628626703
1615692682.26, -0.507750382669, 0.245704808142, -0.0510324036116, -0.034083995473, 0.36323249088
1615692682.28, -0.509094383802, 0.245520211839, -0.0619619638739, -0.0338589099617, 0.36361675012
1615692682.3, -0.510628357646, 0.245377347749, -0.0681755035996, -0.0335136164489, 0.3640223478
1615692682.32, -0.512236153897, 0.245278921437, -0.0719597739365, -0.0325997002531, 0.36422624814
1615692682.34, -0.513838828553, 0.24519086446, -0.0734347392953, -0.0327511467748, 0.36462548958
1615692682.36, -0.515575001501, 0.245095042245, -0.0734162622179, -0.0328217832583, 0.36527414787
1615692682.38, -0.517012318561, 0.245007554222, -0.0735110181873, -0.0334119364632, 0.36580913769
1615692682.4, -0.51871859824, 0.244903932231, -0.0727823987603, -0.0331061406532, 0.36623671757
1615692682.42, -0.520224550359, 0.244802196194, -0.0717415801703, -0.03325643241, 0.36661847817
1615692682.44, -0.521757246532, 0.244670486123, -0.0675235227732, -0.0328641079575, 0.36723302589
1615692682.46, -0.523095244938, 0.244522996787, -0.0643181085488, -0.0332870123947, 0.36779063928
1615692682.48, -0.524529759439, 0.244346777304, -0.0624787426049, -0.0333598558542, 0.36819875942
1615692682.5, -0.525919962535, 0.244156225907, -0.0613529702608, -0.0339020829576, 0.36859912144
1615692682.52, -0.527284407593, 0.243966514747, -0.0605206597153, -0.033626699944, 0.36899706112
1615692682.54, -0.528661340473, 0.243767447838, -0.0596544133034, -0.0336021044217, 0.3694034599
1615692682.56, -0.52997987827, 0.243565477308, -0.0580528302263, -0.0333775810696, 0.36980185734
1615692682.58, -0.531222526918, 0.24335161769, -0.0563126225422, -0.0338026330314, 0.37018582092
1615692682.6, -0.532485308892, 0.243116035527, -0.0541915753298, -0.0336010921889, 0.37058873878
1615692682.62, -0.533745968707, 0.242860612391, -0.0528408291278, -0.0339366628297, 0.37099838006
1615692682.64, -0.534994835336, 0.242603019996, -0.0520537743868, -0.03371975983, 0.37140958058
1615692682.66, -0.536193497127, 0.242353237762, -0.0518428169926, -0.0337623487777, 0.37180539834
1615692682.68, -0.537287379469, 0.242125410593, -0.0517496038141, -0.0337205188937, 0.37216719852
1615692682.7, -0.538518769015, 0.241869537529, -0.0518612062171, -0.0337891454526, 0.37257357822
1615692682.72, -0.539707600178, 0.241624405872, -0.0519593495163, -0.0337688283127, 0.3729653381
1615692682.74, -0.540919945175, 0.241377725625, -0.0522136908241, -0.0337699077371, 0.3733632587
1615692682.76, -0.542135972362, 0.241133981254, -0.0524025494889, -0.0337055413042, 0.37376136052
1615692682.78, -0.54337002986, 0.240890218815, -0.0526921840419, -0.0337132724422, 0.37416353928
1615692682.8, -0.544595277485, 0.240651934361, -0.0529552371728, -0.0336923146834, 0.3745612787
1615692682.82, -0.545830899416, 0.240414950475, -0.0532131881023, -0.033693000566, 0.3749607967
1615692682.84, -0.547068507781, 0.240180802025, -0.0534751486041, -0.0337010575793, 0.3753593372
1615692682.86, -0.548321914523, 0.239946988704, -0.053735927537, -0.0337034850518, 0.3757613586
1615692682.88, -0.549558280435, 0.239718725845, -0.0539206837788, -0.0337098520557, 0.3761567806
