current_time, x_position, y_position, U_velocity, V_velocity
1615693300.12, 0.0, 0.0, 0.0, 0.0, 6.28315652528
1615693300.14, 0.0, 0.0, 0.0, 0.0, 0.00039735794
1615693300.16, 0.0, 0.0, 0.0, 0.0, 0.0007819414
1615693300.18, 0.0, 0.0, 0.0, 0.0, 0.00120116232
1615693300.2, 0.0, 0.0, 0.0, 0.0, 0.0015771389
1615693300.22, 0.0, 0.0, 0.0, 0.0, 0.00199106216
1615693300.24, 0.0, 0.0, 0.0, 0.0, 0.00239346026
1615693300.26, 0.0, 0.0, 0.0, 0.0, 0.00279036044
1615693300.28, 0.0, 0.0, 0.0, 0.0, 0.00320208072
1615693300.3, 0.0, 0.0, 0.0, 0.0, 0.00358684062
1615693300.32, 0.0, 0.0, 0.0, 0.0, 0.0039639616
1615693300.34, 0.0, 0.0, 0.0, 0.0, 0.00437439918
1615693300.36, 0.0, 0.0, 0.0, 0.0, 0.0047779417
1615693300.38, 0.0, 0.0, 0.0, 0.0, 0.00517117976
1615693300.4, 0.0, 0.0, 0.0, 0.0, 0.0055713415
1615693300.42, 0.0, 0.0, 0.0, 0.0, 0.00597904204
1615693300.44, 0.0, 0.0, 0.0, 0.0, 0.00637814044
1615693300.46, 0.0, 0.0, 0.0, 0.0, 0.00676814078
1615693300.48, 0.0, 0.0, 0.0, 0.0, 0.00716690062
1615693300.5, 0.0, 0.0, 0.0, 0.0, 0.00757091998
1615693300.52, 0.0, 0.0, 0.0, 0.0, 0.00794524192
1615693300.54, 0.0, 0.0, 0.0, 0.0, 0.00836696148
1615693300.56, 0.0, 0.0, 0.0, 0.0, 0.00877590178
1615693300.58, 0.0, 0.0, 0.0, 0.0, 0.00916873932
1615693300.6, 0.0, 0.0, 0.0, 0.0, 0.00957558154
1615693300.62, 0.0, 0.0, 0.0, 0.0, 0.00998661994
1615693300.64, 0.0, 0.0, 0.0, 0.0, 0.0103875017
1615693300.66, 0.0, 0.0, 0.0, 0.0, 0.01081175804
1615693300.68, 0.0, 0.0, 0.0, 0.0, 0.01115491866
1615693300.7, 0.0, 0.0, 0.0, 0.0, 0.01153654098
1615693300.72, 0.0, 0.0, 0.0, 0.0, 0.01192773818
1615693300.74, 0.0, 0.0, 0.0, 0.0, 0.0123589611
1615693300.76, 0.0, 0.0, 0.0, 0.0, 0.01274330138
1615693300.78, 0.0, 0.0, 0.0, 0.0, 0.01314258098
1615693300.8, 0.0, 0.0, 0.0, 0.0, 0.01356674194
1615693300.82, 0.0, 0.0, 0.0, 0.0, 0.0139675188
1615693300.84, 0.0, 0.0, 0.0, 0.0, 0.01437121868
1615693300.86, 0.0, 0.0, 0.0, 0.0, 0.0147743988
1615693300.88, 0.0, 0.0, 0.0, 0.0, 0.015174098
1615693300.9, 0.0, 0.0, 0.0, 0.0, 0.01552931784
1615693300.92, 0.0, 0.0, 0.0, 0.0, 0.0159279394
1615693300.94, 0.0, 0.0, 0.0, 0.0, 0.01636868
1615693300.96, 0.0, 0.0, 0.0, 0.0, 0.01675615786
1615693300.98, 0.0, 0.0, 0.0, 0.0, 0.01716204166
1615693301.0, 0.0, 0.0, 0.0, 0.0, 0.01757205962
1615693301.02, 0.0, 0.0, 0.0, 0.0, 0.01798667906
1615693301.04, 0.0, 0.0, 0.0, 0.0, 0.0183794403
1615693301.06, 0.0, 0.0, 0.0, 0.0, 0.01874413966
1615693301.08, 0.0, 0.0, 0.0, 0.0, 0.01916252136
1615693301.1, 0.0, 0.0, 0.0, 0.0, 0.01951921938
1615693301.12, 0.0, 0.0, 0.0, 0.0, 0.01993001938
1615693301.14, 0.0, 0.0, 0.0, 0.0, 0.020350461
1615693301.16, 0.0, 0.0, 0.0, 0.0, 0.02072147846
1615693301.18, 0.0, 0.0, 0.0, 0.0, 0.02115369796
1615693301.2, 0.0, 0.0, 0.0, 0.0, 0.02155399798
1615693301.21, 0.0, 0.0, 0.0, 0.0, 0.02190921782
1615693301.23, 0.0, 0.0, 0.0, 0.0, 0.02230718134
1615693301.25, 0.0, 0.0, 0.0, 0.0, 0.02271153926
1615693301.28, 0.0, 0.0, 0.0, 0.0, 0.02311848162
1615693301.3, 0.0, 0.0, 0.0, 0.0, 0.023514719
1615693301.32, 0.0, 0.0, 0.0, 0.0, 0.02392186164
1615693301.34, 0.0, 0.0, 0.0, 0.0, 0.0243211603
1615693301.36, 0.000275105005588, -6.74838036927e-06, 0.0134816862937, 0.0, 0.02452527999
1615693301.38, 0.000703291898157, -1.74332431855e-05, 0.0202382063759, 0.0, 0.02494855879
1615693301.4, 0.00117274629942, -2.9431571116e-05, 0.0233285651818, 0.0, 0.02555246353
1615693301.42, 0.00167781389265, -4.26312454453e-05, 0.026311854558, 0.0, 0.02612852332
1615693301.44, 0.00226654814294, -5.84589139929e-05, 0.0314425697384, 0.0, 0.02687775848
1615693301.45, 0.00304913832243, -8.01152052708e-05, 0.0397525229604, 0.0, 0.02766552208
1615693301.47, 0.00393402971947, -0.000105315230058, 0.0439940316578, 0.0, 0.02847040412
1615693301.49, 0.00487434530474, -0.000132654362079, 0.047364872929, 0.0, 0.02906623361
1615693301.52, 0.00599632817196, -0.000165507925682, 0.0541991405999, 0.0, 0.02927333353
1615693301.54, 0.00720177668658, -0.000200566853853, 0.060965871826, 0.0, 0.02907552479
1615693301.56, 0.00859809074657, -0.000241469443815, 0.066722975542, 0.0, 0.02928488491
1615693301.58, 0.0100386769054, -0.000284538254407, 0.0717102150902, 0.0, 0.02988782404
1615693301.6, 0.0115961484967, -0.000332055411617, 0.0763971727511, 0.0, 0.03049970386
1615693301.62, 0.013177302016, -0.000380917636908, 0.0804301427173, 0.0, 0.03089306592
1615693301.64, 0.0150086038313, -0.000438285415516, 0.086644993902, 0.0, 0.0313159871
1615693301.66, 0.0166059417219, -0.000488891086906, 0.09011820556, 0.0, 0.03167066334
1615693301.68, 0.0187241281347, -0.000557406434129, 0.0957088998972, 0.0, 0.03233495712
1615693301.69, 0.0203904229375, -0.000611868190427, 0.0987206397761, 0.0, 0.03267271518
1615693301.72, 0.0225585833029, -0.000684080924459, 0.104805066681, 0.0, 0.0332936859
1615693301.74, 0.0247882091846, -0.000760183797958, 0.10808171493, 0.0, 0.03411932946
1615693301.76, 0.0269835089457, -0.000835965920847, 0.113478908706, 0.0, 0.03450646878
1615693301.78, 0.0293212666022, -0.000917137269192, 0.116104460925, 0.0, 0.03470793963
1615693301.8, 0.0318458048961, -0.00100585750472, 0.120074091681, 0.0, 0.03512869597
1615693301.82, 0.03427902405, -0.00109281470051, 0.123048642665, 0.0, 0.03572230816
1615693301.84, 0.0367863189309, -0.00118485544843, 0.129275832806, 0.0, 0.03669270751
1615693301.85, 0.0392714997312, -0.00127798301015, 0.130389753893, 0.0, 0.03745562791
1615693301.88, 0.0420338712663, -0.00138375279632, 0.135648794148, 0.0, 0.03827079055
1615693301.89, 0.0447746453892, -0.00149193039143, 0.139652711939, 0.0, 0.03944924593
1615693301.91, 0.0476114822057, -0.00160731145744, 0.141866233254, 0.0, 0.04065003157
1615693301.93, 0.0505569521989, -0.00172948765329, 0.146382932278, 0.0, 0.04145559073
1615693301.95, 0.0535022507545, -0.00185395655285, 0.151277361584, 0.0, 0.04223506689
1615693301.98, 0.0567176284763, -0.00199188851689, 0.151750639031, 0.0, 0.04287130833
1615693301.99, 0.0597711876109, -0.002126475914, 0.155976123027, 0.0, 0.04404707433
1615693302.02, 0.0630794987083, -0.00227638611179, 0.160871638961, 0.0, 0.04528223517
1615693302.03, 0.0661069583713, -0.00241756512332, 0.161107759364, 0.0, 0.04659907104
1615693302.05, 0.0693963715149, -0.00257354501895, 0.167973604877, 0.0, 0.04738326788
1615693302.07, 0.0728556967582, -0.00273969846362, 0.170203504734, 0.0, 0.04799371004
1615693302.09, 0.0762828039132, -0.00290701204273, 0.174127326941, 0.0, 0.04878191232
1615693302.11, 0.0796520704499, -0.00307474413804, 0.175701341696, 0.0, 0.04974190472
1615693302.13, 0.0834572589818, -0.003267401081, 0.180365460215, 0.0, 0.05058686972
1615693302.15, 0.0870496301951, -0.00345069822516, 0.183093629741, 0.0, 0.0509797883
1615693302.17, 0.0907769070837, -0.00364163583982, 0.1842320805, 0.0, 0.0511823678
1615693302.19, 0.0945401919421, -0.00383743909965, 0.188268570039, 0.0, 0.051983006
1615693302.21, 0.0984187118312, -0.00404241253432, 0.190332786696, 0.0, 0.05279924632
1615693302.24, 0.102457863961, -0.00425839283729, 0.195227205339, 0.0, 0.05342081785
1615693302.25, 0.105888596251, -0.00444486617276, 0.195315577289, 0.0, 0.05430036785
1615693302.27, 0.109870703684, -0.00466611402678, 0.198905222618, 0.0, 0.05550342797
1615693302.29, 0.113789211811, -0.00489005173685, 0.198328189856, 0.0, 0.05708662269
1615693302.31, 0.117915902399, -0.00513085463686, 0.206715284433, 0.0, 0.05828644989
1615693302.33, 0.122052163509, -0.00537639088164, 0.205971724359, 0.0, 0.05929230214
1615693302.35, 0.126331944941, -0.00563650422989, 0.212821323022, 0.0, 0.06070258143
1615693302.37, 0.130466829375, -0.00589436605264, 0.20986297128, 0.0, 0.06228186607
1615693302.39, 0.134784350179, -0.00617054411765, 0.2165988995, 0.0, 0.06387978551
1615693302.41, 0.139088005203, -0.00645183476232, 0.217467163578, 0.0, 0.06526803489
1615693302.43, 0.143474237691, -0.00674550512728, 0.22188984369, 0.0, 0.06685298441
1615693302.45, 0.148216241225, -0.00707004069919, 0.224967325139, 0.0, 0.06833194014
1615693302.47, 0.152654562653, -0.00737903550942, 0.227060359005, 0.0, 0.06950759172
1615693302.49, 0.157351144103, -0.00771175273252, 0.232190417598, 0.0, 0.07072427034
1615693302.51, 0.161652960431, -0.00802135895256, 0.230454991855, 0.0, 0.07184716464
1615693302.53, 0.166622010409, -0.00838420091083, 0.238647815416, 0.0, 0.07289102079
1615693302.55, 0.171337727197, -0.00873325641899, 0.237894455187, 0.0, 0.07388486859
1615693302.57, 0.176435605742, -0.00911708987713, 0.242267069282, 0.0, 0.07515098571
1615693302.59, 0.181223648143, -0.00948518760076, 0.243667086746, 0.0, 0.07672761915
1615693302.62, 0.186617286588, -0.00990805615713, 0.250192737968, 0.0, 0.07824130531
1615693302.63, 0.191148836454, -0.0102727159647, 0.243113715303, 0.0, 0.08029829266
1615693302.65, 0.195918586549, -0.0106665225726, 0.253320209773, 0.0, 0.08237652299
1615693302.68, 0.201430551631, -0.0111324510532, 0.254864189804, 0.0, 0.08432990072
1615693302.69, 0.206303429614, -0.0115500252691, 0.254106274596, 0.0, 0.08548470974
1615693302.71, 0.210843308864, -0.0119463534895, 0.257334780302, 0.0, 0.08707852127
1615693302.73, 0.216562315203, -0.012455731094, 0.261791596706, 0.0, 0.08883309127
1615693302.75, 0.22171283322, -0.012919538945, 0.265090703929, 0.0, 0.08980848552
1615693302.77, 0.227088374799, -0.0134080522162, 0.263428440054, 0.0, 0.09062809228
1615693302.8, 0.232742699871, -0.0139231028065, 0.269229354284, 0.0, 0.09083898067
1615693302.81, 0.237469015785, -0.0143510753725, 0.266472696695, 0.0, 0.09030470608
1615693302.84, 0.243438718863, -0.0148955809846, 0.274510478962, 0.0, 0.09095981596
1615693302.85, 0.248697027138, -0.015379318772, 0.271868915063, 0.0, 0.09173673628
1615693302.87, 0.25433593028, -0.0158992349102, 0.276290549085, 0.0, 0.09194169519
1615693302.89, 0.259211649514, -0.0163505421792, 0.273934194963, 0.0, 0.09229919431
1615693302.91, 0.264872338441, -0.0168813813963, 0.283381281005, 0.0, 0.09350298403
1615693302.93, 0.270882931204, -0.0174554811185, 0.280379401665, 0.0, 0.09522577763
1615693302.95, 0.276452941933, -0.0179941291491, 0.284669742896, 0.0, 0.09640524863
1615693302.97, 0.282438071747, -0.0182376327039, 0.284926492361, 0.0157791167757, 0.09598542689
1615693302.99, 0.287803861024, -0.0187320203928, 0.288588245886, 0.0, 0.09187758909
1615693303.01, 0.293911064172, -0.0189434612877, 0.292763724837, 0.0143365595519, 0.08353837509
1615693303.03, 0.299562000676, -0.0193624377952, 0.291320524932, 0.0, 0.07400743262
1615693303.05, 0.305527149925, -0.0197479235935, 0.290230324721, 0.0, 0.06453325974
1615693303.07, 0.310802942099, -0.0200525950268, 0.293228525404, 0.0, 0.05768487694
1615693303.09, 0.316946559868, -0.0203688875359, 0.295417174402, 0.0, 0.05143769014
1615693303.11, 0.322381599393, -0.0206266057, 0.295183560697, 0.0, 0.04738240946
1615693303.13, 0.328793075646, -0.0209043844243, 0.298542697651, 0.0, 0.04329815863
1615693303.15, 0.335038697945, -0.0211524870513, 0.295592599664, 0.0, 0.03970336906
1615693303.17, 0.34074460443, -0.0213682037696, 0.298093200457, 0.0, 0.03778786656
1615693303.19, 0.346527996625, -0.0215746423623, 0.301990063126, 0.0, 0.03567992204
1615693303.21, 0.352873788836, -0.0217876841039, 0.299442031379, 0.0, 0.03355952254
1615693303.23, 0.358712170471, -0.0219757555986, 0.301168375915, 0.0, 0.03220181458
1615693303.25, 0.364878708374, -0.0221694538107, 0.308108295215, 0.0, 0.03140085214
1615693303.27, 0.371239497941, -0.0223626117855, 0.305009521315, 0.0, 0.03035765164
1615693303.29, 0.377454926062, -0.0225463374775, 0.308349083955, 0.0, 0.02955101484
1615693303.31, 0.382893131091, -0.0230163874515, 0.309143477004, -0.0173190812272, 0.03025618072
1615693303.33, 0.389611281768, -0.0232211556286, 0.313742873837, 0.0, 0.03047040935
1615693303.35, 0.395749847764, -0.0238663000959, 0.304316249108, -0.0225727925841, 0.03067268129
1615693303.37, 0.401917174735, -0.0240567293701, 0.317028311232, 0.0, 0.03086730953
1615693303.39, 0.407857290541, -0.0242401430186, 0.309350391847, 0.0, 0.03086730953
1615693303.41, 0.41432927013, -0.0242292042021, 0.318507456421, 0.0103734684798, 0.03086730953
1615693303.43, 0.421104005557, -0.0244369308829, 0.315323867851, 0.0, 0.03065235849
1615693303.45, 0.427216351732, -0.02462079521, 0.315963277975, 0.0, 0.03007174251
1615693303.47, 0.433340289323, -0.0252046221466, 0.31739860919, -0.0202825498299, 0.03123227355
1615693303.49, 0.439647466219, -0.0253979448784, 0.320508630898, 0.0, 0.03064163682
1615693303.51, 0.445621570195, -0.0258341016119, 0.32065564524, -0.0134316699502, 0.03101491926
1615693303.53, 0.452394775109, -0.0260485641797, 0.318705560777, 0.0, 0.03165280578
1615693303.55, 0.459329962903, -0.0262725639009, 0.327826520958, 0.0, 0.03228778836
1615693303.57, 0.465669597445, -0.026478564096, 0.325615184919, 0.0, 0.03248258826
1615693303.59, 0.472093315021, -0.0268894595386, 0.328974405666, -0.0102029930974, 0.03287372824
1615693303.61, 0.478573249802, -0.0271051067444, 0.329766469815, 0.0, 0.03326694724
1615693303.63, 0.485493404264, -0.027336860634, 0.329339691826, 0.0, 0.03347718713
1615693303.65, 0.49263395395, -0.0275759954933, 0.335912593927, 0.0, 0.03347718713
1615693303.67, 0.499116634237, -0.0277905544881, 0.330931552723, 0.0, 0.03308518885
1615693303.69, 0.505788884842, -0.0280113877422, 0.335539489918, 0.0, 0.03308518885
1615693303.71, 0.51164857606, -0.0282063464503, 0.337532448766, 0.0, 0.0332588887
1615693303.73, 0.518910064683, -0.0284511046828, 0.334282406975, 0.0, 0.03369358776
1615693303.75, 0.525621413111, -0.0286839982847, 0.337811423737, 0.0, 0.03468754291
1615693303.77, 0.532316869742, -0.0289256539658, 0.337574673491, 0.0, 0.03607682703
1615693303.79, 0.539009454709, -0.0291751357403, 0.339598541323, 0.0, 0.03726008889
1615693303.81, 0.545713083242, -0.0294303019372, 0.341643500865, 0.0, 0.03804552553
1615693303.83, 0.552974139475, -0.0297097710992, 0.342545307859, 0.0, 0.03846978663
1615693303.85, 0.560153662274, -0.0297718976297, 0.343044792673, 0.010375158112, 0.03888818739
1615693303.87, 0.56656415976, -0.0302156566677, 0.346269402488, -0.0104050193387, 0.03907367705
1615693303.89, 0.573138100704, -0.0304864578197, 0.345271210378, 0.0, 0.04116984596
1615693303.91, 0.579676017277, -0.0307497095738, 0.353230318165, 0.0, 0.04024364936
1615693303.93, 0.587018566739, -0.0310330560716, 0.351342982992, 0.0, 0.03857052312
1615693303.95, 0.594423308594, -0.0310552261282, 0.346112588085, 0.011725914299, 0.03685997472
1615693303.97, 0.601170714993, -0.0312949662601, 0.351595206889, 0.0, 0.03551576843
1615693303.99, 0.608281355932, -0.0315404886844, 0.355528118606, 0.0, 0.03451516143
1615693304.01, 0.615312221929, -0.0319839831973, 0.348738324137, -0.010427952029, 0.03310172787
1615693304.03, 0.622806403627, -0.0328083244054, 0.35529160481, -0.0261583820812, 0.03606454605
1615693304.05, 0.629805279944, -0.0330718965957, 0.355326017121, 0.0, 0.03764142749
1615693304.07, 0.636435458505, -0.0333277211061, 0.358925886997, 0.0, 0.03856572864
1615693304.09, 0.64430993696, -0.0333659943109, 0.356826506254, 0.0123466825584, 0.0394479346
1615693304.11, 0.650389024811, -0.0336131710351, 0.357934902636, 0.0, 0.04063778158
1615693304.13, 0.658028975513, -0.0339383599204, 0.362066409897, 0.0, 0.04253858797
1615693304.15, 0.665363098943, -0.0342610406982, 0.359300115393, 0.0, 0.04396882769
1615693304.17, 0.672673367588, -0.0345929821298, 0.363925149794, 0.0, 0.04537638657
1615693304.19, 0.680122124323, -0.0349418729416, 0.365483327471, 0.0, 0.0468045902
1615693304.21, 0.686991111406, -0.0352687768325, 0.366365567561, 0.0, 0.04755539892
1615693304.23, 0.694678182158, -0.0359136484904, 0.362492101647, -0.0125654922874, 0.04904415122
1615693304.25, 0.702003501212, -0.0362863579226, 0.368453072755, 0.0, 0.05083578104
1615693304.27, 0.708953321003, -0.0368422326875, 0.368205990698, -0.0100452490586, 0.05253930563
1615693304.29, 0.716809644394, -0.0372653771014, 0.371977019709, 0.0, 0.05380836959
1615693304.31, 0.723139816355, -0.037610663215, 0.37088884985, 0.0, 0.05449208731
1615693304.33, 0.731153029056, -0.0377606974379, 0.373776838023, 0.0136968369237, 0.05534920211
1615693304.35, 0.738967348271, -0.0382001755565, 0.376409478444, 0.0, 0.05618092055
1615693304.37, 0.746116309197, -0.0386105180414, 0.37196445242, 0.0, 0.05733598703
1615693304.39, 0.753468966033, -0.0390483526872, 0.378328247303, 0.0, 0.05947757956
1615693304.41, 0.761180114962, -0.0395281670999, 0.376772562102, 0.0, 0.06214334721
1615693304.43, 0.769516300228, -0.0398463448546, 0.38948501484, 0.0110993125152, 0.0666394449
1615693304.45, 0.776779456128, -0.0403436585387, 0.379923498805, 0.0, 0.06836404092
1615693304.47, 0.784439168252, -0.0406641208024, 0.384018226847, 0.0107353211435, 0.06976095203
1615693304.49, 0.79233763275, -0.0412308908261, 0.380455237372, 0.0, 0.07163420681
1615693304.51, 0.798853704847, -0.0414465276846, 0.385637968613, 0.0156578881928, 0.07366127021
1615693304.53, 0.807153099055, -0.0420733628243, 0.386348910707, 0.0, 0.07538469317
1615693304.55, 0.815067026089, -0.0426923174273, 0.386901187065, 0.0, 0.0780519176
1615693304.57, 0.822622499815, -0.0431126023864, 0.385413898427, 0.0101046992008, 0.08178106546
1615693304.59, 0.830285447082, -0.0437635988826, 0.388510875932, 0.0, 0.08475030661
1615693304.61, 0.837719666532, -0.0441612061246, 0.389264594019, 0.0128652729625, 0.08647065409
1615693304.63, 0.846487852218, -0.0449433820209, 0.387336619375, 0.0, 0.08897062541
1615693304.65, 0.853962771264, -0.0453264924021, 0.393944512577, 0.0158571732694, 0.09143855581
1615693304.67, 0.861665740291, -0.0460466958996, 0.389577907008, 0.0, 0.09322585114
1615693304.69, 0.869524118238, -0.0465040442182, 0.390962976893, 0.014040605824, 0.09403069502
1615693304.71, 0.876440503893, -0.0471575536871, 0.393053546544, 0.0, 0.09420744425
1615693304.73, 0.884676054321, -0.0474696572127, 0.394238128762, 0.0210747093365, 0.09128494747
1615693304.75, 0.893312160312, -0.0484214494876, 0.393736885737, -0.010927913676, 0.08202058327
1615693304.77, 0.900533385534, -0.0489304057695, 0.39747022793, 0.0, 0.07036424151
1615693304.79, 0.908660041685, -0.0497361000455, 0.397114315554, -0.0173483599072, 0.05516093707
1615693304.81, 0.916395132484, -0.0500607239466, 0.398286269584, 0.0, 0.04194307803
1615693304.83, 0.924589408919, -0.050678680761, 0.398865360451, -0.0181491032609, 0.0298002839
1615693304.85, 0.932531903142, -0.0508379746595, 0.399361584508, 0.0, 0.02005321517
1615693304.87, 0.940714610045, -0.0513885431665, 0.398988361301, -0.0222665191501, 0.01143352493
1615693304.89, 0.948604343199, -0.0514295437159, 0.392159576039, 0.0, 0.00519664981
1615693304.91, 0.955548727051, -0.0516268064693, 0.401475480179, -0.0107064330921, 0.00173705321
1615693304.93, 0.964109468234, -0.0516123444018, 0.39975509678, 0.0, 6.28149596119
1615693304.95, 0.972392312866, -0.0515798843733, 0.408650755077, 0.0, 6.27926638032
1615693304.97, 0.980391419449, -0.0515325728013, 0.400841932336, 0.0, 6.27727076912
1615693304.99, 0.987909261022, -0.0517152254316, 0.401576411147, -0.0126602097132, 6.27596057562
1615693305.01, 0.996399206361, -0.051961772228, 0.405295225347, -0.0150409641934, 6.2751228967
1615693305.03, 1.00496184211, -0.0521102043575, 0.409513220845, -0.010916046136, 6.27386859562
1615693305.05, 1.01295037686, -0.0523151817992, 0.410945858475, -0.0155760586418, 6.27095382112
1615693305.07, 1.02135681071, -0.0523887470276, 0.40999305837, -0.0111264364673, 6.26480469622
1615693305.09, 1.02967225382, -0.0524866395234, 0.412556904992, -0.0165200049036, 6.25493554497
1615693305.11, 1.03691485142, -0.0526779100673, 0.412749408222, -0.0280947339708, 6.24162581849
1615693305.13, 1.0457675361, -0.0528014634698, 0.412655918015, -0.0321533682382, 6.21938001049
1615693305.15, 1.05417781136, -0.0529175642562, 0.413148564251, -0.0440224099361, 6.19083613546
1615693305.17, 1.06277170301, -0.0525693350592, 0.419979606131, -0.0356594669651, 6.15798246258
1615693305.19, 1.0711540425, -0.0521354841488, 0.409347351561, -0.045704151774, 6.12028295353
1615693305.21, 1.07950875837, -0.0512401776101, 0.416432403921, -0.0406539649444, 6.07911486173
1615693305.23, 1.08645750715, -0.0503760953907, 0.414435607035, -0.0486144700474, 6.04270040855
1615693305.25, 1.09460117673, -0.048882516438, 0.413124862813, -0.0430981290238, 5.9978511923
1615693305.27, 1.10391053203, -0.0467519088941, 0.416493969588, -0.0478264030631, 5.94386272976
1615693305.29, 1.11103969265, -0.044731099758, 0.415896313533, -0.0438001026568, 5.90204581896
1615693305.31, 1.11799588019, -0.0424244020812, 0.415238145027, -0.0431016733859, 5.8595627238
1615693305.33, 1.12606377947, -0.0392607819879, 0.413530709422, -0.0417378593133, 5.80889678154
1615693305.35, 1.1347704659, -0.0349286003168, 0.417521008811, -0.0274199097198, 5.75590502838
1615693305.37, 1.14216553409, -0.0309380378587, 0.408883833621, -0.0303301249151, 5.71430030424
1615693305.39, 1.14875747865, -0.0268203361095, 0.414222575729, -0.0180406135934, 5.681307522
1615693305.41, 1.15602258154, -0.0220874997681, 0.408622603192, -0.0225816096768, 5.65058627485
1615693305.43, 1.16248037214, -0.0171347252522, 0.409560148337, 0.0, 5.62892688921
1615693305.45, 1.16883545535, -0.0121077775414, 0.411150378641, 0.0, 5.61394887077
1615693305.47, 1.17401065647, -0.00765090440289, 0.416106855056, 0.0134065634196, 5.60443390987
1615693305.48, 1.1799122273, -0.00281219360448, 0.400271917186, 0.0, 5.59642614997
1615693305.51, 1.18680519847, 0.00329060518068, 0.416150327418, 0.0135733360129, 5.59111952461
1615693305.53, 1.19376563046, 0.00909589363162, 0.410619088179, 0.0, 5.58802930027
1615693305.55, 1.20009138095, 0.0140387211626, 0.418233429668, -0.0140569299522, 5.58630275161
1615693305.57, 1.2065139855, 0.0194254604587, 0.409381121596, 0.0, 5.58527894646
1615693305.59, 1.21290306831, 0.0243007032952, 0.416076507861, -0.0195970598694, 5.58431424531
1615693305.61, 1.2196023606, 0.0299597809716, 0.412011406124, 0.0, 5.58176006703
1615693305.63, 1.22660785569, 0.0349158655504, 0.414938905426, -0.0366001369751, 5.57949395329
1615693305.65, 1.23243539359, 0.039556577958, 0.417046627212, -0.0137551231432, 5.57770865109
1615693305.67, 1.23926078096, 0.0447027128065, 0.418110945183, -0.0256524298396, 5.57587211037
1615693305.69, 1.24614989183, 0.0497727088293, 0.410873811693, -0.0302504199869, 5.57524925139
1615693305.71, 1.25215048991, 0.0543363520572, 0.421714524904, -0.024674233811, 5.57453540707
1615693305.73, 1.25872696288, 0.0592065337555, 0.411419983456, -0.0294358136503, 5.57433700705
1615693305.75, 1.26591666188, 0.0644649849149, 0.42162455209, -0.0325061410355, 5.57475828791
1615693305.77, 1.27271893056, 0.0696098562126, 0.416103440632, -0.0250205090411, 5.57557668351
1615693305.79, 1.27929086352, 0.0745786434848, 0.42244278294, -0.0256435418754, 5.57518734119
1615693305.81, 1.28607669372, 0.0794087332471, 0.4204002397, -0.0395251367058, 5.57084766541
1615693305.83, 1.2934279709, 0.0850586531596, 0.425930566428, -0.0291597139273, 5.55955478797
1615693305.85, 1.30001658115, 0.0901221620104, 0.424601149017, -0.0363249266023, 5.54259060316
1615693305.87, 1.30668149797, 0.0954878407555, 0.43096677946, -0.0365189948044, 5.52082928116
1615693305.89, 1.31363548439, 0.101373855128, 0.429360865428, -0.0389997922082, 5.49018789131
1615693305.91, 1.31920735548, 0.106127178601, 0.423334493308, -0.0495896068291, 5.46028935821
1615693305.93, 1.32585386159, 0.112496733921, 0.429984877816, -0.043093256672, 5.41917468594
1615693305.95, 1.33110527386, 0.117975087766, 0.432553325292, -0.0399316960225, 5.38458431958
1615693305.97, 1.33676825199, 0.124144318523, 0.426290765143, -0.0466132265403, 5.34611386211
1615693305.99, 1.34313558556, 0.132008308067, 0.422831772517, -0.0388794787908, 5.30131358055
1615693306.01, 1.34801842999, 0.138569442728, 0.428610392734, -0.0351638115702, 5.2703143465
1615693306.03, 1.35251440814, 0.144809853797, 0.424042044523, -0.0384496844512, 5.24628919724
1615693306.05, 1.35750266174, 0.152341432144, 0.423823893637, -0.0315270779467, 5.22312018994
1615693306.07, 1.36200593384, 0.159538873871, 0.425187113112, -0.027290591376, 5.20737784019
1615693306.09, 1.36651806295, 0.167238511824, 0.422426116976, -0.0198281585967, 5.19556008011
1615693306.11, 1.37029493761, 0.173767006592, 0.420643617985, -0.0206307694069, 5.18785929095
1615693306.13, 1.37468215662, 0.181648607463, 0.425937330083, -0.0168980023499, 5.18066452409
1615693306.15, 1.37881647401, 0.189041165967, 0.419185839051, -0.0195862934823, 5.17561851409
1615693306.17, 1.38261492246, 0.196117075808, 0.424082710393, -0.0140928798058, 5.17183314229
1615693306.19, 1.38691247701, 0.203913123201, 0.424810004542, -0.0205485560938, 5.16785625115
1615693306.21, 1.39059863513, 0.210876655576, 0.422258627908, -0.0145182370341, 5.16487254763
1615693306.23, 1.39484472238, 0.218751518843, 0.4212032671, -0.0190552112668, 5.16168969523
1615693306.25, 1.3987344253, 0.226393682686, 0.431111566028, -0.0104730477602, 5.15890581987
1615693306.27, 1.40253474997, 0.233739344228, 0.422220272845, -0.0142173164118, 5.15616503609
1615693306.29, 1.40653531394, 0.241687452479, 0.42929654083, -0.0103884187912, 5.15450734033
1615693306.31, 1.41012541241, 0.248864041205, 0.432423487027, -0.0102008250334, 5.15265215773
1615693306.33, 1.41430193961, 0.257021745873, 0.431768634322, -0.0150429962447, 5.15074298278
1615693306.35, 1.41825884879, 0.264652264855, 0.435970790463, -0.0178930742039, 5.14975802793
1615693306.37, 1.42208942964, 0.27218496954, 0.440120773036, -0.0149857637798, 5.14879853623
1615693306.39, 1.42602360142, 0.28064373124, 0.436134457154, 0.0, 5.14772903818
1615693306.41, 1.43005339285, 0.288444997455, 0.432833507172, -0.0183090495878, 5.1469183101
1615693306.43, 1.4336716643, 0.296280856373, 0.444780099758, 0.0, 5.1449778213
1615693306.45, 1.43724790218, 0.3041022418, 0.437871796609, 0.0, 5.14124604593
1615693306.47, 1.44088732331, 0.312113044069, 0.436076435437, 0.0, 5.13882479081
1615693306.49, 1.44468560683, 0.32051999447, 0.442728823888, 0.0, 5.13674108401
1615693306.51, 1.44783713858, 0.327574621655, 0.439562055646, 0.0, 5.13252239113
1615693306.52, 1.45124053981, 0.334592985397, 0.445338370958, -0.0176489054155, 5.12429686661
1615693306.55, 1.45535875396, 0.344565885217, 0.441245238582, 0.0, 5.10400093886
1615693306.56, 1.45816672984, 0.351780845712, 0.450279347316, 0.0, 5.08354004078
1615693306.58, 1.46105385066, 0.359929383058, 0.437317394552, 0.0, 5.05289964078
1615693306.61, 1.46412618729, 0.369957952841, 0.446420655816, 0.0, 5.00966891622
1615693306.62, 1.46597029809, 0.376774244063, 0.437855501627, 0.0, 4.97660834277
1615693306.65, 1.4680695765, 0.386330147536, 0.44461918668, 0.0, 4.92863778503
1615693306.67, 1.46955549783, 0.394901534673, 0.440847985195, 0.0, 4.88404131351
1615693306.69, 1.47096717469, 0.403930478804, 0.43678058105, -0.0138721369573, 4.8357341985
1615693306.71, 1.47162393676, 0.412008933385, 0.433801454265, 0.0, 4.7935085619
1615693306.73, 1.47197989515, 0.420664278835, 0.435114934886, 0.0, 4.75349166285
1615693306.75, 1.47203108702, 0.429425130189, 0.429856718827, 0.0, 4.71823216609
1615693306.77, 1.4718193666, 0.438284751108, 0.429161692427, 0.0, 4.68849629569
1615693306.79, 1.47122452795, 0.446434691968, 0.424454748874, 0.0115557671395, 4.66674954852
1615693306.81, 1.47035942336, 0.455687711486, 0.425436360387, 0.0130025078994, 4.64971892244
1615693306.83, 1.46929855399, 0.464007812127, 0.427769994976, 0.0226895719109, 4.63855838685
1615693306.85, 1.46823024014, 0.472274824411, 0.421993933176, 0.019592835713, 4.63027094769
1615693306.87, 1.46672679357, 0.480816016847, 0.434085917463, 0.0371403494745, 4.62350289273
1615693306.88, 1.46566126337, 0.488644267736, 0.430790881126, 0.0177077415881, 4.61818896202
1615693306.9, 1.46406141384, 0.496963935199, 0.427816782082, 0.0402501864424, 4.61621735962
1615693306.93, 1.46278562583, 0.506057276901, 0.42720778715, 0.0183825304197, 4.61600261839
1615693306.95, 1.46114111528, 0.514753501407, 0.432918124169, 0.0394697473598, 4.61640979917
1615693306.97, 1.45977361276, 0.523306530521, 0.429644817453, 0.0268286888683, 4.61620859057
1615693306.99, 1.45790665037, 0.531738643007, 0.429057679073, 0.0520473044194, 4.61520948562
1615693307.0, 1.45663797675, 0.539238866134, 0.433880556737, 0.0297507552834, 4.61328549058
1615693307.03, 1.45456695299, 0.548352300788, 0.419697495239, 0.0519895818924, 4.61218053968
1615693307.05, 1.45301320563, 0.557309282538, 0.427916573433, 0.0305786915102, 4.61196863802
1615693307.07, 1.45138157223, 0.565155131377, 0.425863147803, 0.0448775879845, 4.61234291706
1615693307.09, 1.44991515061, 0.573921705081, 0.422803841686, 0.0275483349184, 4.61171357787
1615693307.1, 1.4484360249, 0.581102844728, 0.428349757083, 0.0430099541637, 4.60932924417
1615693307.12, 1.44700283316, 0.589135066331, 0.432303516102, 0.0287281976836, 4.60217309633
1615693307.15, 1.44487806954, 0.598612883472, 0.422570742501, 0.0412381569322, 4.58913321887
1615693307.17, 1.44316882782, 0.607253879531, 0.422777689297, 0.0214096273857, 4.56770099741
1615693307.19, 1.44114176859, 0.615344518217, 0.42761539402, 0.0325217876094, 4.54280628381
1615693307.2, 1.43949732015, 0.6225571006, 0.419538221782, 0.0108477541253, 4.51407427218
1615693307.23, 1.43648241423, 0.631225901422, 0.41704160065, 0.0400083671645, 4.47332708292
1615693307.24, 1.43410559356, 0.638602918975, 0.41407959207, 0.0137346245236, 4.43385523485
1615693307.27, 1.43079682842, 0.646906373437, 0.407825177224, 0.0214348246579, 4.38570369405
1615693307.29, 1.42788312215, 0.654405628316, 0.403217444356, 0.0, 4.34180706545
1615693307.3, 1.4250048317, 0.661086117433, 0.399508495054, 0.0, 4.30557356733
1615693307.33, 1.42187462357, 0.668609177051, 0.388909529793, -0.0188021662545, 4.26978807072
1615693307.35, 1.41791513013, 0.675791569426, 0.402934383492, 0.0128690274358, 4.24049268336
1615693307.37, 1.41427293022, 0.683020156001, 0.396807293383, -0.0116809517585, 4.21622882731
1615693307.39, 1.40977766336, 0.689566170993, 0.387818646386, 0.0340782609143, 4.19827930363
1615693307.4, 1.40639184024, 0.695423294963, 0.398034124748, 0.0, 4.18825115564
1615693307.42, 1.40227034494, 0.701611422194, 0.39606528601, 0.0224725045808, 4.1815040054
1615693307.45, 1.39737778039, 0.709856461154, 0.39058974745, 0.0, 4.17684028288
1615693307.47, 1.39291830882, 0.716105547557, 0.397494518266, 0.0328788513475, 4.17510796207
1615693307.49, 1.38888376423, 0.722844175504, 0.393412803731, 0.0, 4.17291192427
1615693307.5, 1.38495769235, 0.728562112176, 0.394247291553, 0.023795396104, 4.1709801926
1615693307.53, 1.38055067898, 0.735840410456, 0.391146652923, 0.0, 4.16793479584
1615693307.54, 1.37656403943, 0.741964086592, 0.393473905346, 0.0118964223017, 4.16552172557
1615693307.57, 1.37210596384, 0.749164235719, 0.393906546476, 0.0, 4.15799710427
1615693307.58, 1.36807174511, 0.755499944301, 0.393206398555, 0.0, 4.14538972025
1615693307.61, 1.3635099998, 0.762368377712, 0.393721045096, 0.0, 4.12612310509
1615693307.62, 1.35966932922, 0.767896999559, 0.396430812296, 0.0, 4.10523661531
1615693307.64, 1.3547749338, 0.774436628314, 0.386025321082, 0.0, 4.06989920489
1615693307.67, 1.34938712622, 0.781027420655, 0.397642178536, 0.0, 4.02708304289
1615693307.68, 1.34457810171, 0.786459571964, 0.392990712503, 0.0, 3.98776113632
1615693307.7, 1.33930772329, 0.791915444348, 0.383835521833, 0.0, 3.94428255172
1615693307.72, 1.33422249208, 0.797139016372, 0.386836773019, -0.0135157387346, 3.90548476922
1615693307.74, 1.32809925792, 0.802597576482, 0.389305535894, 0.0, 3.86966414062
1615693307.76, 1.32246077795, 0.807762762805, 0.3799187939, -0.0156222936329, 3.84211326252
1615693307.79, 1.31557987012, 0.813275298114, 0.390089512497, 0.0, 3.81702521679
1615693307.8, 1.310406469, 0.817615322626, 0.383216010132, -0.0142638120429, 3.80240964802
1615693307.82, 1.30397946851, 0.822491078871, 0.389306544722, 0.0, 3.79059815761
1615693307.84, 1.29805469495, 0.827529792677, 0.387034265517, -0.0248707204305, 3.78217543477
1615693307.87, 1.29152348402, 0.832342825987, 0.383508496558, 0.0, 3.77667516597
1615693307.88, 1.28562271145, 0.837092382524, 0.387462121403, -0.0178209251826, 3.77335521829
1615693307.9, 1.28055810498, 0.840777489943, 0.388693509901, 0.0, 3.7706158388
1615693307.92, 1.27447693999, 0.845839181325, 0.382465632828, -0.0261375824376, 3.7675199975
1615693307.94, 1.26757930509, 0.850795789862, 0.390179736613, 0.0, 3.76469002139
1615693307.97, 1.26087587738, 0.85609402799, 0.386306884115, -0.0187972631767, 3.76181804787
1615693307.99, 1.25473654218, 0.860701398507, 0.387190053599, -0.0101277388075, 3.7592417301
1615693308.0, 1.24925802652, 0.864911377372, 0.388056629752, -0.0152726667715, 3.7574626268
1615693308.02, 1.24249794604, 0.869669837403, 0.392500535303, 0.0, 3.75493517048
1615693308.05, 1.23587386349, 0.874658724234, 0.38775436097, -0.0131411840282, 3.75322525152
1615693308.07, 1.22960096804, 0.879045511415, 0.393877949906, 0.0, 3.75186487327
1615693308.08, 1.22331519642, 0.883426653605, 0.391197791138, 0.0, 3.75029800543
1615693308.1, 1.21743572308, 0.887510140721, 0.388557525553, 0.0, 3.74863992814
1615693308.12, 1.2106928336, 0.892178884206, 0.397703448299, 0.0, 3.74719638709
1615693308.14, 1.20413432216, 0.896708155512, 0.392575695752, 0.0, 3.74597820643
1615693308.16, 1.19759988752, 0.901207180027, 0.393135903268, 0.0, 3.74456560741
1615693308.18, 1.19106191422, 0.905706712401, 0.396555450124, 0.0, 3.74436546693
1615693308.2, 1.18456899972, 0.910590566607, 0.395293369562, -0.016335678112, 3.74518690477
1615693308.22, 1.17831226238, 0.914666171355, 0.385847623665, 0.0106495664527, 3.74654105792
1615693308.25, 1.17148760026, 0.920027573094, 0.397506314682, -0.0246909574069, 3.74545150887
1615693308.27, 1.16508052202, 0.924436133756, 0.395430757541, 0.0, 3.74427143703
1615693308.28, 1.15952426833, 0.928243982065, 0.396483132088, 0.0, 3.7424026478
1615693308.3, 1.15293192667, 0.932715639505, 0.39918727474, 0.0, 3.73761340988
1615693308.32, 1.14614504166, 0.937228897558, 0.399754937131, 0.0, 3.72843843098
1615693308.34, 1.13910352973, 0.941758963384, 0.402944446186, 0.0, 3.71326966389
1615693308.36, 1.13323886493, 0.945823261805, 0.40500506937, -0.0210546870629, 3.69567556489
1615693308.38, 1.12635236266, 0.950095361593, 0.402993351992, -0.0111682088018, 3.66914120869
1615693308.4, 1.11841439256, 0.954719683733, 0.405902139539, -0.0146738847366, 3.63295231909
1615693308.42, 1.11210639455, 0.958233519779, 0.401604341235, -0.0201357593833, 3.59973192089
1615693308.44, 1.10500656182, 0.962061553178, 0.402851385155, -0.03135434541, 3.55841043185
1615693308.46, 1.09768362136, 0.965508636466, 0.401670999866, -0.0275041440002, 3.51317873135
1615693308.48, 1.0902760666, 0.968959631348, 0.398329438518, -0.0454934906612, 3.46385158337
1615693308.5, 1.08240403468, 0.971795838772, 0.403676047103, -0.0295048036906, 3.41444359376
1615693308.52, 1.0753999036, 0.974291637191, 0.400619464212, -0.0438157569628, 3.37496054882
1615693308.54, 1.06764324394, 0.976527485119, 0.397984663286, -0.0339369352286, 3.33716779646
1615693308.56, 1.05989642669, 0.978638829474, 0.398542751329, -0.0402184831146, 3.30710023346
1615693308.58, 1.05277820149, 0.980268405587, 0.39594810594, -0.0319432854376, 3.28614358382
1615693308.6, 1.0433963399, 0.982264052174, 0.392830151423, -0.0334665660075, 3.26619384728
1615693308.62, 1.03639739427, 0.98337317003, 0.397298516938, -0.0174786167698, 3.25478973336
1615693308.64, 1.0289469741, 0.984835691407, 0.394791473361, -0.035637137854, 3.24540423808
1615693308.66, 1.02001391678, 0.986182142439, 0.391627557456, -0.0214717031319, 3.2364213127
1615693308.68, 1.01262703576, 0.987403252955, 0.393809209661, -0.0295416955961, 3.23054408253
1615693308.7, 1.00533912964, 0.988409017214, 0.385501650847, -0.0205792026264, 3.22539868308
1615693308.72, 0.997448630555, 0.989559979492, 0.404268974754, -0.0262248670926, 3.22165888971
1615693308.74, 0.989128902225, 0.990523975423, 0.400499800358, -0.0153958139564, 3.21852435291
1615693308.76, 0.982438790045, 0.99159557937, 0.394285609468, -0.0344024052254, 3.21338867391
1615693308.78, 0.974046488212, 0.992494722051, 0.407357730561, -0.0186287368789, 3.20262567699
1615693308.8, 0.965675403738, 0.993399891161, 0.406570394402, -0.0260721228934, 3.18526533315
1615693308.82, 0.95770350181, 0.994133947437, 0.402311012875, -0.0297239021451, 3.15966527154
1615693308.84, 0.949616445083, 0.994728021559, 0.403408928404, -0.0356297347135, 3.12682776638
1615693308.86, 0.941513093484, 0.99488646492, 0.408989067896, -0.0281481098991, 3.09242771408
1615693308.88, 0.933429910911, 0.995120470023, 0.398595069266, -0.0468471837029, 3.05354015759
1615693308.9, 0.925042698774, 0.99488195244, 0.403862444752, -0.042089615078, 3.00931924681
1615693308.92, 0.917512835103, 0.99462150928, 0.401534875581, -0.0561565877822, 2.96806485583
1615693308.94, 0.909424139651, 0.993648639669, 0.403573754184, -0.0405844846128, 2.92166663011
1615693308.96, 0.901648770711, 0.992540293544, 0.395330910924, -0.0489874683455, 2.87671409539
1615693308.98, 0.893736619355, 0.990959564701, 0.403864541592, -0.0439531596585, 2.83599908024
1615693309.0, 0.885777012003, 0.989270848174, 0.402576862574, -0.0529592529619, 2.80173225173
1615693309.02, 0.87797528584, 0.987237132572, 0.399160642339, -0.0456045802843, 2.77283443109
1615693309.04, 0.869806325068, 0.98497918124, 0.399611952073, -0.0488381775709, 2.75030866055
1615693309.06, 0.861329345111, 0.982228609029, 0.401808150066, -0.0382747488546, 2.73286550479
1615693309.08, 0.855158551474, 0.98023245939, 0.399850855277, -0.0425552986108, 2.72270422408
1615693309.1, 0.846969103642, 0.97755100335, 0.394095317807, -0.0441599378194, 2.71357764676
1615693309.12, 0.838966518237, 0.974759558658, 0.405059428282, -0.0405108956469, 2.70629059741
1615693309.14, 0.832243414824, 0.97255815106, 0.397460374441, -0.049391762552, 2.70152158687
1615693309.16, 0.823805814838, 0.969379481389, 0.401456128952, -0.0340892296743, 2.69659822403
1615693309.18, 0.817374412249, 0.966922759101, 0.409200527054, -0.034233094298, 2.69324500983
1615693309.2, 0.809541269475, 0.963901115244, 0.399725070022, -0.0336368385807, 2.68947764331
1615693309.22, 0.801661456223, 0.961027923855, 0.400321164988, -0.0414178278789, 2.68885243827
1615693309.24, 0.79404605026, 0.958274821968, 0.405595815741, -0.0430086500598, 2.68905097657
1615693309.26, 0.786802541695, 0.955669312182, 0.396512378391, -0.0429217434789, 2.68847194129
1615693309.28, 0.778412632235, 0.952633710599, 0.40068502742, -0.0427053600443, 2.68825052196
1615693309.3, 0.771507593704, 0.949830090897, 0.399766580699, -0.0275346907389, 2.68713463716
1615693309.32, 0.76318410292, 0.947123542012, 0.40069785521, -0.0572038249578, 2.68540472916
1615693309.34, 0.755855478955, 0.944384892008, 0.402495370874, -0.0401151010852, 2.68463105132
1615693309.36, 0.748607348388, 0.941909280284, 0.404693297107, -0.0520939450704, 2.68444333961
1615693309.38, 0.740005866116, 0.939005845121, 0.402720418851, -0.0536756971932, 2.68354954649
1615693309.4, 0.732760701655, 0.936483633907, 0.405178797733, -0.0504159515767, 2.68279798437
1615693309.42, 0.724838149915, 0.933767849194, 0.406950628928, -0.0529438174764, 2.68198165825
1615693309.44, 0.717545072998, 0.931309136785, 0.407091223509, -0.055452973623, 2.68104501895
1615693309.46, 0.70964522755, 0.928700932788, 0.405504104856, -0.0581658942401, 2.68023269823
1615693309.48, 0.701952772017, 0.925991524826, 0.409643839206, -0.0507686260664, 2.67963995865
1615693309.5, 0.694188464189, 0.923471834844, 0.408455277388, -0.0612081604505, 2.6790470331
1615693309.52, 0.686430324536, 0.92067542936, 0.408141432886, -0.0480525609569, 2.67844502379
1615693309.54, 0.678405383963, 0.918015073499, 0.41260524314, -0.0595949250559, 2.67803942611
1615693309.56, 0.670557412501, 0.915331554074, 0.412723385905, -0.0557550663624, 2.67784027507
1615693309.58, 0.662058461722, 0.91259403674, 0.410295754123, -0.0629106600176, 2.67784027507
1615693309.6, 0.654173455105, 0.909898274936, 0.416920366077, -0.0565105270027, 2.67744415213
1615693309.62, 0.646816379944, 0.907366608534, 0.410105892752, -0.0549112997277, 2.67706807067
1615693309.64, 0.638963783717, 0.90468301048, 0.417156207676, -0.0570059901678, 2.67647677589
1615693309.66, 0.630807192259, 0.901905831308, 0.413585180385, -0.0573429319099, 2.67565133261
1615693309.68, 0.62295361346, 0.899244628895, 0.419078426513, -0.0592315295711, 2.67447580985
1615693309.7, 0.615489113781, 0.896620183367, 0.415930985331, -0.0543646488523, 2.6735326617
1615693309.72, 0.606637286226, 0.893722074586, 0.420270051673, -0.0649837887894, 2.67178049498
1615693309.74, 0.598470233784, 0.890817124039, 0.422700401851, -0.0547853643645, 2.6709670203
1615693309.76, 0.591580799769, 0.888623125392, 0.426042044783, -0.0700627643768, 2.67029717854
1615693309.78, 0.58197617557, 0.885503348356, 0.429839884878, -0.0681444903487, 2.67029717854
1615693309.8, 0.574026001597, 0.882972320505, 0.425974999117, -0.0701748879477, 2.67010391882
1615693309.82, 0.565447332094, 0.880014043206, 0.428718365184, -0.0608940914789, 2.6684274357
1615693309.84, 0.557746916027, 0.8774538757, 0.425201089393, -0.0662831965414, 2.66597602544
1615693309.86, 0.549981267229, 0.87462276245, 0.422290297526, -0.0547512923296, 2.66306439809
1615693309.88, 0.542171548481, 0.871861109378, 0.426773014511, -0.0604674162678, 2.66095042161
1615693309.9, 0.533847662038, 0.868878801505, 0.428189197128, -0.0587711591996, 2.66115500144
1615693309.92, 0.525528114353, 0.865978800029, 0.423290931927, -0.0612012221581, 2.66259700711
1615693309.94, 0.517634197449, 0.863207927175, 0.42831477652, -0.0601334435914, 2.66453129701
1615693309.96, 0.509385545607, 0.860213313058, 0.424101753552, -0.054138316382, 2.66637856654
1615693309.98, 0.501627151362, 0.857382000806, 0.425843375443, -0.0531381299799, 2.66753326108
1615693310.0, 0.493199931593, 0.854214202707, 0.427503613552, -0.0490732649798, 2.66774248054
1615693310.02, 0.485366536423, 0.851541371346, 0.431039143801, -0.0628709246686, 2.66793249061
1615693310.04, 0.477545121902, 0.848658858778, 0.42589782444, -0.0515982339293, 2.66793249061
1615693310.06, 0.469226753836, 0.84589657857, 0.43072219859, -0.0665290216756, 2.66773137977
1615693310.08, 0.46109360753, 0.842912623855, 0.425138234363, -0.052133946678, 2.66793363979
1615693310.1, 0.452993542914, 0.84031432508, 0.432741978992, -0.0712808707335, 2.66793363979
1615693310.12, 0.444494404393, 0.837218347769, 0.431327480626, -0.053813342129, 2.66814173868
1615693310.14, 0.436587701135, 0.834519833121, 0.430108819865, -0.0626944133522, 2.667949528
1615693310.16, 0.428686684675, 0.831603015728, 0.435042939916, -0.0525391765496, 2.66775732925
1615693310.18, 0.420018716945, 0.828786817602, 0.429449100459, -0.0693551412407, 2.66733830859
1615693310.2, 0.411667026192, 0.825680172099, 0.434309200302, -0.0519063765142, 2.66652342251
1615693310.22, 0.402814072647, 0.822721510455, 0.436483724726, -0.0677628596857, 2.66504418307
1615693310.24, 0.395342503998, 0.819944346849, 0.437315891882, -0.0537539681894, 2.66341599631
1615693310.26, 0.386977941629, 0.817201583638, 0.434592372652, -0.0709020696458, 2.66301617789
1615693310.28, 0.378217979987, 0.813751446914, 0.446151238344, -0.0466669700782, 2.66217665841
1615693310.3, 0.370242968098, 0.810964305593, 0.433786128389, -0.0629733611475, 2.66121300626
1615693310.32, 0.361436547274, 0.807785483977, 0.441944663653, -0.0595635862955, 2.66121300626
1615693310.34, 0.353675774614, 0.805128218725, 0.447356568987, -0.0664269702363, 2.6642964547
1615693310.36, 0.344938041574, 0.801869217442, 0.447603438172, -0.0526977900514, 2.66740023535
1615693310.38, 0.335724561507, 0.799057047959, 0.443082634373, -0.0777321721257, 2.67168304375
1615693310.4, 0.327311839514, 0.795910145191, 0.448595050062, -0.0492602031812, 2.6742704266
1615693310.42, 0.318781372572, 0.793359522557, 0.445885900859, -0.0787515473722, 2.6762368315
1615693310.44, 0.310383286141, 0.790374360343, 0.43983089448, -0.054563587781, 2.6766390341
1615693310.46, 0.301608211567, 0.787624587945, 0.444183791828, -0.071335727153, 2.6786831158
1615693310.48, 0.293111792622, 0.784863792802, 0.44382385549, -0.0655096906533, 2.68087356736
1615693310.5, 0.285414786576, 0.782475848396, 0.441499998489, -0.070383569538, 2.68267615496
1615693310.52, 0.276148742342, 0.779699245272, 0.448069202223, -0.0749082937286, 2.68480544736
1615693310.54, 0.268307113255, 0.777211445042, 0.439965592487, -0.0648058587064, 2.68813529184
1615693310.56, 0.259339946921, 0.774649987457, 0.440877098575, -0.074546051743, 2.6958523293
1615693310.58, 0.251114376622, 0.772158003592, 0.442143822408, -0.0620581516221, 2.70797992632
1615693310.6, 0.241838679403, 0.76962278389, 0.434718777938, -0.0637377865816, 2.72920922216
1615693310.62, 0.233410636876, 0.767358656008, 0.430121733618, -0.053153822014, 2.75619162028
1615693310.64, 0.224689751909, 0.765858623277, 0.423555727947, -0.0771273040594, 2.79113353248
1615693310.66, 0.216335284451, 0.763916807253, 0.415402969882, -0.0332583688391, 2.83332655048
1615693310.68, 0.209174843971, 0.763035363401, 0.414459633016, -0.0612385310274, 2.87241599815
1615693310.7, 0.201136399869, 0.761827971849, 0.408126379957, -0.0298510645111, 2.91949330843
1615693310.72, 0.19368325, 0.76146258206, 0.406081903427, -0.0525313875549, 2.96395987087
1615693310.74, 0.185535935785, 0.761026932907, 0.402359418304, -0.0298537957989, 3.01411089463
1615693310.76, 0.177242993667, 0.761328627553, 0.402839859729, -0.0460020035452, 3.06425456443
1615693310.78, 0.168923728977, 0.761795666369, 0.403069125635, -0.0349372210854, 3.11121133315
1615693310.8, 0.160788283404, 0.762968226815, 0.406382231632, -0.0539652085381, 3.15271493458
1615693310.82, 0.152899875821, 0.764234762092, 0.40474799726, -0.0459995817577, 3.18762612264
1615693310.84, 0.144478651517, 0.766194147599, 0.407473639825, -0.0622202860905, 3.21867034808
1615693310.86, 0.136455569386, 0.768192674666, 0.405243171653, -0.0594457321391, 3.24006871648
1615693310.88, 0.128715957944, 0.770257877582, 0.410029669189, -0.0613686572963, 3.25378660163
1615693310.9, 0.120788504254, 0.772556908698, 0.407447669632, -0.0660350359332, 3.26318524803
1615693310.92, 0.113191400807, 0.774680439472, 0.412878559133, -0.0601769219402, 3.26942418777
1615693310.94, 0.104837384596, 0.777304820094, 0.409469788752, -0.0711855006274, 3.27384868806
1615693310.96, 0.0967438069499, 0.779696969717, 0.411015775496, -0.0628225096021, 3.27729934891
1615693310.98, 0.0893162442384, 0.782036582658, 0.412046690767, -0.0692314206604, 3.28028141211
1615693311.0, 0.0813338549014, 0.784442248444, 0.412506901738, -0.0626941290076, 3.28347839547
1615693311.02, 0.0733415606856, 0.787011902278, 0.411930104898, -0.068920220914, 3.28689553691
1615693311.04, 0.0648808399371, 0.789573156725, 0.419679657054, -0.0615976718647, 3.28981316043
1615693311.06, 0.0570703719748, 0.792141921572, 0.413078143049, -0.0697040414018, 3.29216838315
1615693311.08, 0.0485407018849, 0.794811551674, 0.419227060169, -0.0633631731277, 3.29490878536
1615693311.1, 0.0409996383103, 0.797223373844, 0.415988252547, -0.0646414164276, 3.2969775481
1615693311.12, 0.0329090047093, 0.799717010191, 0.417707468939, -0.0594530328212, 3.29918481063
1615693311.14, 0.0247401171698, 0.802405902026, 0.418596176029, -0.0666792130981, 3.30161951259
1615693311.16, 0.0166970330035, 0.804978260598, 0.422137774187, -0.0625657174394, 3.30399404715
1615693311.18, 0.00856423235366, 0.807617703912, 0.419259447372, -0.0629347753559, 3.30641421507
1615693311.2, 0.000789448535542, 0.810171824937, 0.419089629868, -0.063288495946, 3.30911734781
1615693311.22, -0.00729747171143, 0.81266117719, 0.422251165286, -0.0543087828192, 3.31229735565
1615693311.24, -0.0151985511389, 0.815442857251, 0.427597752758, -0.0709908260528, 3.31558260871
1615693311.26, -0.0241525663121, 0.818126673645, 0.423849247565, -0.0460544026584, 3.32457184764
1615693311.28, -0.0323538201552, 0.821001888096, 0.427962745007, -0.0609854648928, 3.33723732417
1615693311.3, -0.0398153746307, 0.823330435787, 0.419599115817, -0.0376167166471, 3.35467805785
1615693311.32, -0.0479877010538, 0.826457281181, 0.416661050182, -0.052287349973, 3.38218298893
1615693311.33, -0.0548161131867, 0.828832207703, 0.417326224235, -0.0276342359504, 3.41018602381
1615693311.36, -0.0628314727175, 0.832566700114, 0.412667445209, -0.0539607074402, 3.44758100429
1615693311.38, -0.0711115967524, 0.836631012987, 0.409246831181, -0.0440767927156, 3.49060621133
1615693311.39, -0.0769148559451, 0.839825758612, 0.411724179542, -0.0522068035369, 3.51869913069
1615693311.42, -0.0848332341589, 0.844160128, 0.412510110268, -0.0383842335668, 3.54963961577
1615693311.44, -0.0922449777965, 0.848765461534, 0.413393856322, -0.0523397482146, 3.57162768572
1615693311.46, -0.100105231003, 0.853480865718, 0.415350137919, -0.0391817762389, 3.5878862161
1615693311.48, -0.106177723999, 0.857361790066, 0.41866190833, -0.0477175720677, 3.59677975374
1615693311.5, -0.113370420985, 0.862050414396, 0.411153284202, -0.0474164331994, 3.60445541817
1615693311.52, -0.120313063501, 0.866781371606, 0.415549620699, -0.0541082080679, 3.61026937906
1615693311.54, -0.127574948202, 0.871533947397, 0.418347245048, -0.0447197970195, 3.61460125402
1615693311.55, -0.133295580074, 0.875550059046, 0.414289237339, -0.057007822675, 3.616941194
1615693311.58, -0.141592150528, 0.881002663686, 0.416135786972, -0.0428123443692, 3.6205010219
1615693311.6, -0.147835833515, 0.885315471261, 0.421484430489, -0.0521395331691, 3.62300251432
1615693311.62, -0.155327032636, 0.890526305857, 0.414300545646, -0.0514326950225, 3.62584405133
1615693311.64, -0.161728773841, 0.894934289111, 0.419578533828, -0.049123465518, 3.62805193145
1615693311.66, -0.168707816656, 0.899965179755, 0.419674783652, -0.0572110913198, 3.63069250055
1615693311.68, -0.175845939991, 0.905010468783, 0.415054283106, -0.050360894554, 3.63612830131
1615693311.7, -0.182295888142, 0.909733256951, 0.421838064553, -0.0552998643314, 3.64326850359
1615693311.72, -0.188905874826, 0.91437981658, 0.414236333709, -0.0417130678777, 3.65394237229
1615693311.74, -0.195812303131, 0.919337769062, 0.417395741735, -0.039714155871, 3.66935290977
1615693311.76, -0.202823596714, 0.92447904987, 0.418118596771, -0.0369655381682, 3.68613051348
1615693311.78, -0.209806656238, 0.929946663623, 0.414325671778, -0.0430611727035, 3.70231168716
1615693311.8, -0.215821740258, 0.93474210963, 0.418395194333, -0.0420897546062, 3.71438563278
1615693311.82, -0.222346839695, 0.940264128794, 0.421131109425, -0.0502029729132, 3.72526943646
1615693311.84, -0.22913575948, 0.94577965958, 0.422118737179, -0.0380639850522, 3.73393739184
1615693311.86, -0.235255954389, 0.95115407654, 0.417282669264, -0.051025401408, 3.74052483982
1615693311.88, -0.242408973705, 0.957033065262, 0.429191843239, -0.0358884237396, 3.74611431072
1615693311.9, -0.248364106326, 0.962274969922, 0.420953373682, -0.0478329683093, 3.75023405514
1615693311.92, -0.254708962427, 0.967662554351, 0.426296601447, -0.0388457961726, 3.7547063918
1615693311.93, -0.260351513594, 0.972771974682, 0.427486057353, -0.0510475935891, 3.75859623864
1615693311.96, -0.267625014225, 0.979233058814, 0.426597684788, -0.0451551712309, 3.76245164348
1615693311.98, -0.273840065419, 0.98500152052, 0.425866007398, -0.0533061060919, 3.76521762796
1615693312.0, -0.280325687606, 0.990776557198, 0.431538532404, -0.0443795950461, 3.76661889503
1615693312.02, -0.286840279423, 0.996941067745, 0.422842730454, -0.0559293013125, 3.76788056327
1615693312.04, -0.29307661203, 1.00252658437, 0.433021239128, -0.044826219047, 3.76884211732
1615693312.06, -0.299834149943, 1.00891544462, 0.428922592564, -0.0559374921879, 3.76927210046
1615693312.08, -0.306017729118, 1.01488006237, 0.425029977105, -0.0589836287267, 3.77107407281
1615693312.1, -0.311492240046, 1.02014120923, 0.430813977261, -0.0577482165782, 3.77386894897
1615693312.12, -0.317633331369, 1.02620431685, 0.426633094729, -0.061483678437, 3.77747272195
1615693312.14, -0.323731400289, 1.03237833464, 0.42653496743, -0.065375230407, 3.78109254553
1615693312.16, -0.33026003372, 1.03891954168, 0.433720394111, -0.0628503009232, 3.78404484943
1615693312.17, -0.335686749886, 1.04452518392, 0.437037559929, -0.069284323961, 3.7859843702
1615693312.2, -0.342148129061, 1.0515656653, 0.430493945411, -0.0787959199779, 3.78882293177
1615693312.22, -0.348433244353, 1.05825035032, 0.440392891014, -0.0744761172132, 3.79026093197
1615693312.23, -0.354042594463, 1.06404567785, 0.438972012496, -0.067626115222, 3.79044252348
1615693312.25, -0.360295891709, 1.0705279366, 0.442358492977, -0.0695426073176, 3.78903454733
1615693312.28, -0.366763497483, 1.07707842853, 0.443030799198, -0.0648523833265, 3.78800659373
1615693312.29, -0.372253741209, 1.08339409278, 0.43200632097, -0.0913598951513, 3.78838563159
1615693312.31, -0.378390071066, 1.09011323642, 0.435001570419, -0.0789717990411, 3.7927078434
1615693312.33, -0.3841790949, 1.09677434932, 0.435256975537, -0.0868081636606, 3.8000649641
1615693312.36, -0.390368336409, 1.10326601764, 0.425867374797, -0.0591652355184, 3.8127901192
1615693312.37, -0.395775109719, 1.10959507255, 0.424858833761, -0.075149222151, 3.8303468129
1615693312.39, -0.401358118456, 1.1159671913, 0.425937062227, -0.0605830640842, 3.85161411242
1615693312.42, -0.407084620975, 1.12360865686, 0.428339427821, -0.0842691587717, 3.87501923999
1615693312.43, -0.411904897799, 1.12984775632, 0.42896546737, -0.0700940210863, 3.89261419027
1615693312.46, -0.417457994114, 1.13754600696, 0.430226167635, -0.0775613172521, 3.90911608395
1615693312.48, -0.422349947543, 1.14458547683, 0.430402056606, -0.0804548896407, 3.92027553255
1615693312.5, -0.427227931114, 1.15174734625, 0.428435681397, -0.0804586536583, 3.92882303428
1615693312.51, -0.431621393832, 1.15837466293, 0.432407403959, -0.0841458975731, 3.93477951943
1615693312.54, -0.436579207695, 1.16626305398, 0.42721864727, -0.0911994650935, 3.9409646316
1615693312.55, -0.441003768069, 1.17334717145, 0.431943715726, -0.0912584472428, 3.94588356926
1615693312.57, -0.445844786186, 1.18107125996, 0.430686735316, -0.0884292356212, 3.95003019286
1615693312.6, -0.450479188425, 1.18877387738, 0.431670736994, -0.0952880332617, 3.95348713589
1615693312.61, -0.454996530365, 1.19609731983, 0.43428025185, -0.0896954960359, 3.95600964731
1615693312.63, -0.459463348623, 1.203677355, 0.434535350374, -0.098037345555, 3.95798475451
1615693312.66, -0.46428280671, 1.21161468844, 0.431568816231, -0.0903622706864, 3.96030135341
1615693312.68, -0.469245401308, 1.21981604106, 0.43766965605, -0.0911638511329, 3.96287438585
1615693312.7, -0.473381022591, 1.2267821576, 0.427612967651, -0.0918288023721, 3.96509714309
1615693312.71, -0.477265719045, 1.23356830614, 0.43704426603, -0.100080484188, 3.96736435362
1615693312.73, -0.482087905774, 1.24187439864, 0.437473367803, -0.0962959398975, 3.96972286175
1615693312.75, -0.486270916195, 1.24987077629, 0.425631552468, -0.112611980991, 3.97177257015
1615693312.77, -0.490821798761, 1.2576174186, 0.442091392273, -0.0931543850109, 3.97356231159
1615693312.79, -0.49519063387, 1.26540157169, 0.437071233776, -0.100767955998, 3.97435835311
1615693312.81, -0.499369946047, 1.27276198929, 0.432750202766, -0.0971594388035, 3.97512171215
1615693312.83, -0.503794465807, 1.28085044341, 0.439465087419, -0.105163110617, 3.97695797396
1615693312.86, -0.50869915194, 1.28905673768, 0.441549265929, -0.0871240615067, 3.97886976665
1615693312.88, -0.512852672951, 1.297205131, 0.437071499882, -0.116124023351, 3.98129662937
1615693312.9, -0.517332690206, 1.30482277645, 0.440762865034, -0.0884686228733, 3.9826726956
1615693312.91, -0.52116245665, 1.31199231395, 0.443710605201, -0.108246820544, 3.98249472567
1615693312.93, -0.525742646077, 1.32000739956, 0.434885689379, -0.0947260290073, 3.97876134819
1615693312.95, -0.530355837865, 1.32806662146, 0.447395428576, -0.100435819194, 3.97167315169
1615693312.97, -0.534955549256, 1.33609788776, 0.439715324798, -0.104957273989, 3.95795623968
1615693312.99, -0.539514145433, 1.34376739835, 0.447354629513, -0.107487334919, 3.94030950694
1615693313.01, -0.544450746144, 1.35164963602, 0.444209850201, -0.106615382857, 3.91730379287
1615693313.03, -0.549371091345, 1.35936949653, 0.445802360369, -0.115396003318, 3.89165882765
1615693313.05, -0.554617119229, 1.36703844493, 0.446368085068, -0.112656412536, 3.86521898499
1615693313.07, -0.56006293645, 1.3741415592, 0.445550676098, -0.0979633028738, 3.84187125401
1615693313.1, -0.565847732346, 1.38176996074, 0.429054339327, -0.106529117662, 3.82021521801
1615693313.11, -0.570737948861, 1.38780650937, 0.435456780765, -0.0997641929034, 3.80630320761
1615693313.13, -0.576518054772, 1.39493129401, 0.427952272186, -0.103280206084, 3.79400764891
1615693313.15, -0.582329291621, 1.40177114199, 0.420806170039, -0.0956348737091, 3.78464845621
1615693313.18, -0.588355960245, 1.40885111597, 0.430857259314, -0.100450337088, 3.77813353279
1615693313.19, -0.593870705452, 1.41476302113, 0.422373127777, -0.080486975695, 3.77343281229
1615693313.21, -0.599657774391, 1.42144107661, 0.426697796909, -0.0995260863591, 3.76919751843
1615693313.23, -0.605574174925, 1.42803404717, 0.429101189916, -0.0940911784545, 3.76516452523
1615693313.25, -0.610815807294, 1.43429122114, 0.404741873882, -0.104658743401, 3.76204051707
1615693313.27, -0.616705818429, 1.440746452, 0.41960235087, -0.0904582901849, 3.76041187019
1615693313.31, -0.622318254775, 1.44716694043, 0.413159721866, -0.0994622546875, 3.75780316318
1615693313.31, -0.627285848141, 1.45285530052, 0.410080194087, -0.100096307374, 3.75511952368
1615693313.33, -0.633055679967, 1.45948641078, 0.404002426455, -0.100381245746, 3.75279686664
1615693313.35, -0.638683974788, 1.46545976114, 0.412819635134, -0.0861261315712, 3.75104529825
1615693313.37, -0.644465186881, 1.47221389468, 0.406327105682, -0.105961858426, 3.74935153457
1615693313.39, -0.649308057313, 1.47798135518, 0.420146201674, -0.113743988107, 3.74952455494
1615693313.41, -0.655623135495, 1.48491635717, 0.41129551231, -0.0936048403115, 3.7499692771
1615693313.43, -0.661472073811, 1.49156258934, 0.423090874235, -0.104144276332, 3.74935970755
1615693313.45, -0.666206637061, 1.49694632813, 0.410561553697, -0.101212131628, 3.74935970755
1615693313.47, -0.672706520748, 1.50472323247, 0.424776391626, -0.115486502527, 3.75074120971
1615693313.49, -0.678344972139, 1.51099527706, 0.416684893702, -0.0969520096797, 3.75152976487
1615693313.51, -0.683474967699, 1.51711003462, 0.422599838902, -0.113364095696, 3.75225944967
1615693313.53, -0.689552810134, 1.52420570692, 0.421625457166, -0.108003740971, 3.75333275052
1615693313.55, -0.695151388125, 1.53066598953, 0.424905728905, -0.106057581907, 3.7537231514
1615693313.57, -0.70119638051, 1.53752718657, 0.430786476793, -0.105106557035, 3.7508360693
1615693313.59, -0.706829352836, 1.54398349687, 0.426601927675, -0.110250500697, 3.74208541565
1615693313.61, -0.713117878992, 1.55089524104, 0.438121781052, -0.110459426824, 3.72719499341
1615693313.63, -0.718736582866, 1.55692630687, 0.43540349374, -0.113227062489, 3.70795690286
1615693313.65, -0.725571569718, 1.56384404153, 0.444657593515, -0.115759793715, 3.67832605126
1615693313.67, -0.732715885835, 1.57068859207, 0.44214012832, -0.119598439656, 3.64138840624
1615693313.69, -0.739132112722, 1.57639562128, 0.451301934007, -0.12132961799, 3.60592481064
1615693313.71, -0.744815030429, 1.58104067012, 0.448312142747, -0.116324393701, 3.57296262216
1615693313.73, -0.753825649349, 1.58774577527, 0.457355094748, -0.122403823402, 3.51982335528
1615693313.75, -0.761896323783, 1.59293957977, 0.464287618914, -0.113116960275, 3.47443373224
1615693313.77, -0.769134050345, 1.59725526799, 0.460771188969, -0.116202990447, 3.432228959
1615693313.79, -0.777680691288, 1.60149541628, 0.474060788846, -0.104551112715, 3.3850615646
1615693313.81, -0.786451348319, 1.60561121168, 0.470792239786, -0.116033677958, 3.33870585804
1615693313.83, -0.79593703236, 1.60901849098, 0.473764772732, -0.0945446765589, 3.28946904588
1615693313.85, -0.8049110808, 1.6120530607, 0.472860247181, -0.107780657915, 3.24356668623
1615693313.87, -0.814384819233, 1.61426487357, 0.477577237551, -0.0825421571572, 3.19980768357
1615693313.89, -0.823979235412, 1.61633026106, 0.4806176577, -0.0942751013974, 3.15993180885
1615693313.91, -0.832508932158, 1.61737465789, 0.482777992214, -0.0651757603176, 3.12923842635
1615693313.93, -0.84412000863, 1.6188651632, 0.473184006319, -0.0838326026485, 3.09391616535
1615693313.95, -0.854026210896, 1.61946057711, 0.482352342279, -0.0628355557952, 3.0720860735
1615693313.97, -0.863586648179, 1.61987191534, 0.477874432553, -0.0611173671176, 3.0573875349
1615693313.99, -0.872683036029, 1.61990016109, 0.47462980376, -0.0462025238652, 3.04765920585
1615693314.01, -0.883171494972, 1.62015604027, 0.480701286553, -0.0611606901786, 3.03943181445
1615693314.03, -0.891873859921, 1.62015503872, 0.485523273173, -0.0519927228808, 3.03479814931
1615693314.05, -0.901088339321, 1.62034655456, 0.480082240253, -0.0630680153751, 3.03175268579
1615693314.07, -0.912185879023, 1.62039611, 0.477474803528, -0.056380762268, 3.02852120327
1615693314.09, -0.919634491986, 1.62050297482, 0.486355803151, -0.0629836776442, 3.02715411353
1615693314.11, -0.930123380852, 1.62015507406, 0.477795523935, -0.0402908440743, 3.02430879521
1615693314.13, -0.94083818649, 1.62036116954, 0.485665354421, -0.068663259076, 3.02037599015
1615693314.15, -0.95035104386, 1.62009558524, 0.486433696147, -0.047048389802, 3.01726029799
1615693314.17, -0.95894019482, 1.62011643126, 0.48388013351, -0.0632255354384, 3.01409211565
1615693314.19, -0.969501824156, 1.61978984809, 0.479467301939, -0.047517306668, 3.01189902235
1615693314.21, -0.979613767555, 1.61982949526, 0.482658892662, -0.0653868820604, 3.0108609717
1615693314.23, -0.989049550973, 1.61960173616, 0.486509957032, -0.0521535209873, 3.010668072
1615693314.25, -0.998542748328, 1.61971858136, 0.478998068933, -0.0694647232849, 3.00988346504
1615693314.27, -1.00901738693, 1.61926795141, 0.498716670439, -0.046465049361, 3.00569707324
1615693314.29, -1.01718611645, 1.61904317122, 0.494459693115, -0.0578308266832, 2.99765378155
1615693314.31, -1.02837181589, 1.61869869331, 0.4916079889, -0.064424694616, 2.98049975543
1615693314.33, -1.0386399574, 1.61818618521, 0.49695598758, -0.0676037069693, 2.95651593596
1615693314.35, -1.04771644807, 1.61755371537, 0.502292306587, -0.071557501341, 2.93051324401
1615693314.37, -1.0574645921, 1.61645853737, 0.49539036071, -0.0665531615293, 2.89616916676
1615693314.39, -1.06676780073, 1.61467273429, 0.497607021888, -0.0486498577025, 2.85448601756
1615693314.41, -1.07736379891, 1.61264664133, 0.499645124164, -0.074998941155, 2.80366813142
1615693314.43, -1.08741619104, 1.60996758524, 0.501122229984, -0.0627855931406, 2.75649667561
1615693314.45, -1.0966907349, 1.60708652093, 0.499150131449, -0.0644853708327, 2.71192252522
1615693314.47, -1.10612674335, 1.60335181196, 0.50242208383, -0.0496108717243, 2.66629363658
1615693314.49, -1.11537434155, 1.59937763036, 0.500982641834, -0.0545996806094, 2.62714648014
1615693314.51, -1.12327803358, 1.59533561718, 0.501240231695, -0.0364670144972, 2.59623455714
1615693314.53, -1.13254101268, 1.59036792252, 0.500070965337, -0.0420479408714, 2.5654453013
1615693314.55, -1.14120972705, 1.5850673173, 0.500479546174, -0.0249689310025, 2.54293780466
1615693314.57, -1.15078327442, 1.57882247545, 0.496721968891, -0.0192966720669, 2.52477251227
1615693314.59, -1.15886100111, 1.57345616692, 0.500654403311, -0.0205778692898, 2.51412788542
1615693314.61, -1.16739655579, 1.56744600505, 0.498625435949, -0.0109338378306, 2.50617410352
1615693314.63, -1.17576423883, 1.56155449514, 0.500757978424, -0.0141717174556, 2.49984136741
1615693314.65, -1.18381008319, 1.55584023601, 0.497637385613, -0.014120233718, 2.49567857185
1615693314.67, -1.19178441722, 1.55010823872, 0.50177659017, -0.0131494051793, 2.49215685295
1615693314.69, -1.19933585928, 1.54467902003, 0.498942689857, -0.0143254164455, 2.48954824849
1615693314.71, -1.20701539985, 1.53911134754, 0.503290118655, -0.0135903968148, 2.48728743961
1615693314.73, -1.21549136309, 1.53292973574, 0.501787307955, -0.013498355677, 2.48457056207
1615693314.75, -1.22401760159, 1.52663352556, 0.504114168154, -0.0130027223081, 2.47973641563
1615693314.77, -1.23248018683, 1.52029056295, 0.502505051524, -0.0131837098988, 2.47216237239
1615693314.79, -1.23988283648, 1.51479134305, 0.505936510541, -0.0213438421656, 2.46050740407
1615693314.81, -1.24738250035, 1.50902073281, 0.510025979529, -0.0209277541405, 2.44475010577
1615693314.83, -1.25524952537, 1.5027919226, 0.50679601068, -0.0247010317583, 2.42319415023
1615693314.85, -1.26336619052, 1.49602505016, 0.50499282978, -0.0274824556526, 2.39226954431
1615693314.87, -1.27074792722, 1.48913739222, 0.513431576557, -0.0164085120512, 2.35885808771
1615693314.89, -1.27794620665, 1.48208772544, 0.509186377174, -0.0229932572349, 2.32149837077
1615693314.91, -1.2847477503, 1.47486139646, 0.50460598688, -0.0240579845763, 2.27828152237
1615693314.93, -1.29124585364, 1.46725661506, 0.501382970048, -0.0233984450802, 2.23124924285
1615693314.95, -1.29739296926, 1.45941628297, 0.497158406887, -0.0270241144996, 2.18142435779
1615693314.97, -1.30265526032, 1.45106745163, 0.499331235275, 0.0, 2.13319974639
1615693314.99, -1.30749170771, 1.44254654373, 0.494667490429, 0.0, 2.08704975793
1615693315.01, -1.31172617801, 1.43355990861, 0.49092329938, 0.0161246199881, 2.04397040569
1615693315.03, -1.31596248603, 1.42445371658, 0.489630802893, 0.0, 2.00622813433
1615693315.05, -1.31956858389, 1.41490432105, 0.487456410336, 0.021065757766, 1.97505585625
1615693315.07, -1.32273111478, 1.4054744941, 0.49042578273, 0.0281756483346, 1.9517718258
1615693315.09, -1.32540835206, 1.3963945971, 0.486980436568, 0.0380460475943, 1.93549274844
1615693315.11, -1.32800496741, 1.38728792122, 0.485696963579, 0.0365320844161, 1.92363307903
1615693315.13, -1.33038275256, 1.3777334903, 0.484543361947, 0.0487294486237, 1.91493938375
1615693315.15, -1.3328179458, 1.36772088195, 0.489191575617, 0.0486207590619, 1.90844145949
1615693315.17, -1.33500518722, 1.3580786715, 0.484356937779, 0.0538507158504, 1.9045867412
1615693315.19, -1.33718033017, 1.34888395453, 0.485758670234, 0.0484280533364, 1.90245768482
1615693315.21, -1.33947506025, 1.33875968064, 0.488352936019, 0.0523892779736, 1.90055544068
1615693315.23, -1.34156790873, 1.32935853939, 0.488780199596, 0.0536589334687, 1.89918434788
1615693315.25, -1.34351159342, 1.32059611616, 0.487727947674, 0.0534663523113, 1.89826970268
1615693315.27, -1.34567744621, 1.31071888813, 0.492571893027, 0.0547995675173, 1.89745358636
1615693315.29, -1.34774001273, 1.30051597017, 0.489411843681, 0.0620618705216, 1.89639858416
1615693315.31, -1.34976403835, 1.29197935106, 0.479910089489, 0.0442242951672, 1.89548838546
1615693315.33, -1.35162530315, 1.28165809024, 0.498739221089, 0.073796678684, 1.89611244609
1615693315.35, -1.35375422238, 1.27273804907, 0.494353934087, 0.0447583735032, 1.89537344385
1615693315.37, -1.35561115942, 1.26159524886, 0.500752423586, 0.0794965824421, 1.89336824592
1615693315.39, -1.35793332441, 1.2517626874, 0.494751537863, 0.0440597648518, 1.89153764898
1615693315.41, -1.35960512031, 1.24198422697, 0.50491260882, 0.07663768324, 1.89076064282
1615693315.43, -1.36145417561, 1.23372355368, 0.503526103708, 0.0501417319613, 1.89025877648
1615693315.45, -1.36306358095, 1.22152388323, 0.499033213508, 0.0955944828894, 1.89122749976
1615693315.47, -1.36514510746, 1.21184947834, 0.504069247293, 0.0543118766215, 1.89005636858
1615693315.49, -1.36637282405, 1.20185110706, 0.499910347472, 0.0996125733298, 1.8896611278
1615693315.51, -1.36820389438, 1.1928751522, 0.503352765312, 0.0592065842625, 1.88911887813
1615693315.53, -1.36953716599, 1.18227128602, 0.500860074117, 0.0982293025218, 1.88953766037
1615693315.55, -1.37101819604, 1.17393579683, 0.502342133731, 0.0723622462084, 1.88970446993
1615693315.57, -1.37236369376, 1.16157605024, 0.499474778997, 0.106833872357, 1.88994788099
1615693315.59, -1.37378569896, 1.15189370336, 0.506143478074, 0.0877240484311, 1.88823330566
1615693315.61, -1.37497633179, 1.14177724519, 0.503474384634, 0.0981541522197, 1.88048863808
1615693315.63, -1.37639593035, 1.13093509501, 0.509230853262, 0.0844000498493, 1.86523618184
1615693315.65, -1.37729931046, 1.12233922092, 0.503697488329, 0.0870490903623, 1.84663640944
1615693315.67, -1.37827005193, 1.11098297343, 0.503866754642, 0.0804872815407, 1.81447084288
1615693315.69, -1.37868240592, 1.10039892895, 0.503303082743, 0.0862289704569, 1.77941535371
1615693315.7, -1.37884283068, 1.09281427952, 0.49668915818, 0.0792433476966, 1.75015419015
1615693315.73, -1.37844429229, 1.08126123133, 0.491903665856, 0.0823448207544, 1.70217601374
1615693315.75, -1.37741189928, 1.07081854138, 0.493506035468, 0.0946086050719, 1.66166283272
1615693315.77, -1.37594633381, 1.06056477399, 0.486304525934, 0.0971204533924, 1.62594623714
1615693315.79, -1.37414406831, 1.05083065917, 0.486050624481, 0.102854487869, 1.59625639135
1615693315.81, -1.37219473254, 1.04176063417, 0.479304214112, 0.105258815385, 1.57527192571
1615693315.83, -1.36973452325, 1.03143691109, 0.482345121345, 0.109038791423, 1.55917616821
1615693315.85, -1.36761923114, 1.02304328555, 0.47770058945, 0.110138075965, 1.55052421763
1615693315.87, -1.36479786432, 1.01284324826, 0.483151173435, 0.119441583728, 1.54329443179
1615693315.89, -1.36214651777, 1.00332878378, 0.47835009654, 0.116783546106, 1.53848030275
1615693315.91, -1.35976093666, 0.995061094075, 0.481792569006, 0.120082388305, 1.5341477605
1615693315.93, -1.35709334901, 0.985603827566, 0.478799983341, 0.114172483085, 1.52995552504
1615693315.95, -1.35411050659, 0.9755275804, 0.47718664654, 0.118571396245, 1.52653603032
1615693315.97, -1.35127417366, 0.965493193883, 0.487775833373, 0.113870417225, 1.52466241077
1615693315.99, -1.34855178277, 0.956437147496, 0.479638121493, 0.119592955732, 1.52313201149
1615693316.01, -1.34595410466, 0.946843974271, 0.481702255244, 0.105682485709, 1.52232588965
1615693316.03, -1.34308480135, 0.937284026975, 0.481548372725, 0.119227276954, 1.52192349155
1615693316.05, -1.3406293039, 0.928564902528, 0.47734806733, 0.10948149554, 1.52173853118
1615693316.07, -1.33739486762, 0.918089430693, 0.479524170195, 0.122656550731, 1.52173853118
1615693316.09, -1.33438764319, 0.908005464074, 0.483622249983, 0.118525272825, 1.52131587226
1615693316.11, -1.33179334249, 0.899446832111, 0.480837100723, 0.119952611413, 1.52095494946
1615693316.13, -1.32926199323, 0.89078822011, 0.479844460287, 0.114674495382, 1.52095494946
1615693316.15, -1.32619247936, 0.880511903734, 0.486371123677, 0.119129439146, 1.52074077089
1615693316.17, -1.32335553445, 0.870996272046, 0.476421033385, 0.116022564519, 1.51993076761
1615693316.19, -1.32062806846, 0.861762296849, 0.485385908987, 0.116703151117, 1.51954503019
1615693316.21, -1.31762269509, 0.851807522685, 0.484857268253, 0.119548238901, 1.51933680018
1615693316.23, -1.31491677595, 0.842520729265, 0.48143743075, 0.113575134056, 1.51894569834
1615693316.25, -1.31198366812, 0.832829014785, 0.489307875421, 0.121315108492, 1.51995000084
1615693316.27, -1.30950738203, 0.823909152326, 0.491737355201, 0.110315244397, 1.52068475924
1615693316.29, -1.30632930758, 0.813336810235, 0.483625139994, 0.120006769485, 1.522014062
1615693316.31, -1.30394610714, 0.804791114921, 0.490266828668, 0.111546894122, 1.52254340846
1615693316.33, -1.30080965823, 0.794518736931, 0.486616343287, 0.123372274959, 1.52275735814
1615693316.35, -1.29809823843, 0.784628759356, 0.487022200761, 0.108779830102, 1.52296285827
1615693316.37, -1.29506264556, 0.775295327884, 0.488817738363, 0.133300703626, 1.52257543761
1615693316.39, -1.29237368684, 0.765516033816, 0.482190717949, 0.107676218364, 1.52216487605
1615693316.41, -1.28960958094, 0.756477778223, 0.484771806098, 0.123222307532, 1.52292071061
1615693316.43, -1.28704335786, 0.747222775585, 0.485425595316, 0.110077940102, 1.52330661493
1615693316.45, -1.28400141999, 0.736742048355, 0.484396417896, 0.113951019755, 1.51935904699
1615693316.47, -1.2813375911, 0.727019796809, 0.488901739956, 0.102628393321, 1.51027848214
1615693316.49, -1.27844692948, 0.717043826257, 0.491295506645, 0.102769730566, 1.4949657909
1615693316.51, -1.27600496561, 0.708784581595, 0.481006341413, 0.0931317559609, 1.47457406042
1615693316.53, -1.27278800724, 0.699148410176, 0.486528397424, 0.0964341438209, 1.44426060718
1615693316.55, -1.26939373091, 0.689742220208, 0.480332453219, 0.090191187171, 1.41009059857
1615693316.57, -1.26624797258, 0.681757344996, 0.46844131074, 0.0847931095118, 1.37457586803
1615693316.59, -1.26163469125, 0.672013462018, 0.470651589788, 0.0939348958189, 1.32560634491
1615693316.61, -1.25788290591, 0.664479221491, 0.462940908014, 0.0827676511661, 1.28569574724
1615693316.63, -1.2526343652, 0.655887905337, 0.454054179255, 0.0972782901278, 1.23344494212
1615693316.65, -1.24770300523, 0.648227907729, 0.447253965694, 0.083131387265, 1.1825789834
1615693316.67, -1.24292587725, 0.641710003169, 0.443444912687, 0.0891288773837, 1.13666301645
1615693316.69, -1.23667687168, 0.633835216977, 0.437245638974, 0.080028378098, 1.08102788031
1615693316.7, -1.23158735504, 0.628071366832, 0.435894286957, 0.0855341468356, 1.04121455141
1615693316.73, -1.22538446346, 0.621488358234, 0.417433101467, 0.0738491691227, 0.99021961375
1615693316.75, -1.2191137312, 0.615633169839, 0.411218775164, 0.0785160710918, 0.93980675995
1615693316.77, -1.21291793152, 0.610364341179, 0.394942119002, 0.0733620392209, 0.88837942313
1615693316.79, -1.20674142139, 0.60562575393, 0.392041738365, 0.0721567464597, 0.83643200649
1615693316.81, -1.20028222439, 0.601147683732, 0.383854311538, 0.0687474375984, 0.7834244801
1615693316.83, -1.1933175631, 0.597296547723, 0.377830851721, 0.0863658246558, 0.72983063831
1615693316.85, -1.18732905616, 0.59411400892, 0.3643044446, 0.0709620815499, 0.68086188467
1615693316.87, -1.17997372481, 0.590692187525, 0.363786745438, 0.068636454401, 0.62191577748
1615693316.89, -1.17341337915, 0.587654622532, 0.360290779567, 0.0509220150307, 0.57403356972
1615693316.9, -1.16744659175, 0.585457167382, 0.352384988034, 0.0636601107697, 0.53159448551
1615693316.93, -1.16060148761, 0.582939307527, 0.34602459114, 0.0443521759175, 0.47995438076
1615693316.95, -1.15383294451, 0.581193841051, 0.343097864273, 0.0620282503675, 0.43123739813
1615693316.97, -1.14718324436, 0.579416317233, 0.332521329975, 0.041453321603, 0.38522566341
1615693316.99, -1.14026055922, 0.578165561301, 0.332756651583, 0.0556889797235, 0.34456641426
1615693317.01, -1.13393100613, 0.577095557906, 0.325887137353, 0.0482193973766, 0.31436319176
1615693317.03, -1.12726973874, 0.57639928428, 0.326609559966, 0.0616762202145, 0.29078747531
1615693317.04, -1.12154227919, 0.57570908931, 0.32283714454, 0.0508441225689, 0.27613648463
1615693317.07, -1.11406980188, 0.575183421234, 0.330404254894, 0.0644950073515, 0.26300775566
1615693317.09, -1.10760293439, 0.574682698755, 0.324627916301, 0.0582912854828, 0.25494471329
1615693317.11, -1.10117219463, 0.574204495318, 0.327897847346, 0.0581411752497, 0.24971640143
1615693317.12, -1.09530652226, 0.573836813498, 0.327266408138, 0.0609442883373, 0.24671506911
1615693317.14, -1.08840299968, 0.573436015212, 0.320905882576, 0.0602357295586, 0.24353822496
1615693317.17, -1.08154904188, 0.572903258121, 0.325838106814, 0.0540219188121, 0.24187309056
1615693317.19, -1.07481328648, 0.572379263164, 0.328702241173, 0.0544070741797, 0.24167031079
1615693317.2, -1.06914259949, 0.571804352051, 0.331680072152, 0.0466671500041, 0.24081946639
1615693317.23, -1.06176240443, 0.571074886256, 0.328551766242, 0.0467708792572, 0.23992558747
1615693317.25, -1.05480270274, 0.570308785407, 0.330442665478, 0.0427338312825, 0.23824446947
1615693317.26, -1.04871652582, 0.569742322894, 0.333709661848, 0.0480143839814, 0.23570626037
1615693317.29, -1.04164038672, 0.569022586665, 0.328404139947, 0.0430938090774, 0.23184091823
1615693317.31, -1.03502314037, 0.568265880406, 0.337138605911, 0.0388216416638, 0.22850451489
1615693317.32, -1.02908625533, 0.567685267178, 0.330337383186, 0.0422656138838, 0.22474301358
1615693317.34, -1.02196642681, 0.56693402557, 0.335468535568, 0.0398879097935, 0.22347148914
1615693317.37, -1.01510110322, 0.566292372968, 0.331234430606, 0.0438160767434, 0.22470971124
1615693317.39, -1.0081039833, 0.565575470957, 0.335708232848, 0.042502351039, 0.22803547876
1615693317.41, -1.00164024962, 0.564829299426, 0.332551120598, 0.039411363566, 0.23289295926
1615693317.43, -0.994943469724, 0.564059854964, 0.34034136379, 0.0424199860508, 0.23839608934
1615693317.45, -0.987906260958, 0.563176566414, 0.334948290384, 0.0400476155035, 0.24386257426
1615693317.46, -0.981559346409, 0.562391501529, 0.341257794412, 0.0430345650467, 0.24851084251
1615693317.49, -0.974461884236, 0.561462425186, 0.338113032025, 0.0420050872949, 0.25376308451
1615693317.51, -0.967507463651, 0.560562711553, 0.343040068971, 0.0449081606241, 0.25883031376
1615693317.52, -0.961337883719, 0.559740504396, 0.339583329525, 0.0448277532322, 0.2637365032
1615693317.54, -0.954192063679, 0.558773194973, 0.346734809615, 0.0469351690687, 0.26909481772
1615693317.57, -0.947315237695, 0.557652190617, 0.340160436007, 0.0383921460434, 0.27397978564
1615693317.58, -0.940576670065, 0.556743376661, 0.347984027758, 0.0505212554894, 0.27823396458
1615693317.61, -0.9332889513, 0.555538214694, 0.34302244879, 0.0408829207919, 0.28251052638
1615693317.63, -0.926471329908, 0.554498216363, 0.345090220286, 0.04683519063, 0.28627310531
1615693317.65, -0.919482376656, 0.553023919594, 0.35098191957, 0.0289257414121, 0.29012669101
1615693317.66, -0.913102058361, 0.551796260817, 0.358931693276, 0.0372672102403, 0.29354766628
1615693317.69, -0.906119262724, 0.550373571942, 0.335222312105, 0.0316884978472, 0.29524078148
1615693317.7, -0.89999216961, 0.549178476546, 0.353828827992, 0.0368730571533, 0.2964691307
1615693317.72, -0.892898580147, 0.547712816171, 0.342444837446, 0.0320605706722, 0.2971009304
1615693317.74, -0.885959984938, 0.5463787215, 0.344624776552, 0.0372097617062, 0.29750861186
1615693317.76, -0.879209190655, 0.544908723715, 0.343299631486, 0.0289419745011, 0.29851131696
1615693317.78, -0.872555290865, 0.543576282229, 0.34613363139, 0.0361948921765, 0.30182611721
1615693317.8, -0.865916026926, 0.542127130641, 0.346067097417, 0.0324094679599, 0.30827796008
1615693317.82, -0.859028912273, 0.540704446833, 0.346282406151, 0.0394550738687, 0.31715631528
1615693317.85, -0.851724497983, 0.538968445924, 0.349977670736, 0.0329453369482, 0.32719458139
1615693317.87, -0.844676385113, 0.537384650539, 0.349854561447, 0.0405477965942, 0.33642449179
1615693317.88, -0.838221137769, 0.535665000027, 0.350818935443, 0.0295540363643, 0.34439399977
1615693317.9, -0.831779041682, 0.534085791719, 0.355803850967, 0.0396701925153, 0.35143427155
1615693317.92, -0.824816574643, 0.532017612982, 0.352672240273, 0.0247575356767, 0.35883013027
1615693317.94, -0.81779673729, 0.530112057676, 0.352619960898, 0.0357175728678, 0.36601320512
1615693317.96, -0.811114037954, 0.528120910686, 0.357338340978, 0.0294638311296, 0.37184754632
1615693317.98, -0.80383085604, 0.526110112747, 0.356696642086, 0.0385021818483, 0.37690194392
1615693318.0, -0.797279384116, 0.524105626974, 0.355211783772, 0.0302599741183, 0.38189867748
1615693318.03, -0.789853658708, 0.522060391637, 0.360524253376, 0.0429789326073, 0.38741425768
1615693318.05, -0.782627972054, 0.519773148269, 0.360393648165, 0.0308743247745, 0.39202395706
1615693318.06, -0.776298348041, 0.517851250341, 0.358937994606, 0.0364740438745, 0.39605762736
1615693318.08, -0.769437215677, 0.515476475437, 0.362380949305, 0.0244765530218, 0.40065531977
1615693318.1, -0.763326272847, 0.513218955792, 0.361639209034, 0.0183006545256, 0.40443344363
1615693318.12, -0.756170657952, 0.510924829447, 0.363219048023, 0.0355177571767, 0.40772785435
1615693318.14, -0.748759019378, 0.508373872657, 0.36945181354, 0.0290096744145, 0.40984296095
1615693318.16, -0.74183332725, 0.506148122589, 0.36565991881, 0.0368641831751, 0.41142647991
1615693318.18, -0.735151929307, 0.5037919545, 0.36721166932, 0.0273416711355, 0.41335047021
1615693318.2, -0.728293677801, 0.501432049959, 0.371118339054, 0.031352450059, 0.41568735381
1615693318.22, -0.720916833227, 0.498435363779, 0.36595840075, 0.0123510387613, 0.41960144769
1615693318.25, -0.713683932755, 0.495964176237, 0.368761422113, 0.0351067818581, 0.42414091361
1615693318.26, -0.70762376033, 0.493597023136, 0.369161505238, 0.0203615948305, 0.42748438123
1615693318.28, -0.700025741593, 0.490907568263, 0.368885829512, 0.0334916197366, 0.43074837928
1615693318.31, -0.693892197384, 0.488594853287, 0.366390550959, 0.0266071944364, 0.43306809434
1615693318.32, -0.687111490495, 0.486119216191, 0.373048713108, 0.0320502495546, 0.43576715476
1615693318.34, -0.679561882382, 0.483151672619, 0.36764397388, 0.0236830713366, 0.43884980216
1615693318.36, -0.673094178025, 0.480643705032, 0.373138390356, 0.0268052647435, 0.44163125291
1615693318.38, -0.665576627298, 0.477541463266, 0.374061955692, 0.0200351188738, 0.44488774076
1615693318.4, -0.658762357288, 0.474503829571, 0.371019386529, 0.0107512886326, 0.44830476048
1615693318.42, -0.652039664075, 0.471676007912, 0.37290657288, 0.0198795013006, 0.45142956976
1615693318.44, -0.645117639141, 0.468595545777, 0.376198658725, 0.0134514528222, 0.45444859276
1615693318.46, -0.638148558306, 0.465642063689, 0.373753670986, 0.0211881025695, 0.45748145581
1615693318.48, -0.631369036828, 0.462599403059, 0.379123688222, 0.0140323081323, 0.45885254861
1615693318.5, -0.624915739792, 0.459726499384, 0.379402794344, 0.013915850825, 0.45550347797
1615693318.52, -0.617931556775, 0.45639317895, 0.379093232652, 0.0, 0.44529642097
1615693318.54, -0.610683392411, 0.45335571834, 0.379420907934, 0.0123438905648, 0.42935596952
1615693318.56, -0.603961725011, 0.449833637115, 0.379195273655, -0.0282083384852, 0.40840105022
1615693318.58, -0.596929614055, 0.446980979711, 0.382342866279, 0.0, 0.38537752102
1615693318.6, -0.589643303824, 0.443575421529, 0.381154967516, -0.0283952742448, 0.36286144468
1615693318.62, -0.582646463448, 0.44105318789, 0.37453538387, 0.0, 0.34598204098
1615693318.64, -0.575532509899, 0.438356376857, 0.378175770476, -0.0110599171286, 0.33311232066
1615693318.66, -0.568628135337, 0.436032946489, 0.37707988789, 0.0, 0.32461193558
1615693318.68, -0.561523244586, 0.433132677253, 0.371447179761, -0.0256433130469, 0.31863480068
1615693318.7, -0.555388774012, 0.431132289677, 0.377593625919, 0.0, 0.31521716588
1615693318.72, -0.547761478233, 0.428242887861, 0.375450424557, -0.0190919337549, 0.31131191234
1615693318.74, -0.540605210581, 0.425963830122, 0.375856952431, 0.0, 0.30831459749
1615693318.76, -0.533611672031, 0.423757492077, 0.378142995371, 0.0, 0.30559958197
1615693318.78, -0.526324483567, 0.421476265135, 0.378842279828, 0.0, 0.30338243231
1615693318.8, -0.519318678836, 0.419295054061, 0.378317215264, 0.0, 0.30183082327
1615693318.82, -0.511466811871, 0.416863416097, 0.381357347523, 0.0, 0.30032204376
1615693318.84, -0.504123640631, 0.414595774579, 0.382925017844, 0.0, 0.29951924072
1615693318.86, -0.497050252776, 0.412415957141, 0.381198053881, 0.0, 0.29893673645
1615693318.88, -0.490122950468, 0.410289750964, 0.383701712929, 0.0, 0.29780362829
1615693318.9, -0.482888686676, 0.408078743898, 0.381454234903, 0.0, 0.29661377177
1615693318.92, -0.475362389249, 0.40578850324, 0.387499747211, 0.0, 0.29539564829
1615693318.94, -0.467870583804, 0.403520505254, 0.381647642973, 0.0, 0.29395995123
1615693318.96, -0.460961829021, 0.401441746584, 0.384433892756, 0.0, 0.29227091061
1615693318.98, -0.453678904037, 0.399266173444, 0.382610106479, 0.0, 0.29028431161
1615693319.0, -0.445805528659, 0.397386145425, 0.39290722052, 0.020604378734, 0.28678675643
1615693319.02, -0.438634710733, 0.395086101607, 0.391114211002, -0.0100593892677, 0.28466947544
1615693319.04, -0.430408360003, 0.393044475012, 0.389960498425, 0.0155610380234, 0.28314921369
1615693319.06, -0.422448524149, 0.390726611749, 0.394744462771, 0.0, 0.28335923424
1615693319.08, -0.41517956238, 0.388926733635, 0.39146663801, 0.0161388423262, 0.28393262613
1615693319.1, -0.407812715028, 0.386772289483, 0.393977005037, 0.0, 0.28451708307
1615693319.12, -0.400298684964, 0.384990464902, 0.392758161755, 0.0197763930799, 0.28314248551
1615693319.14, -0.392588611695, 0.382408546225, 0.393081627283, -0.0154858988296, 0.283762555
1615693319.16, -0.385413214824, 0.380314472576, 0.38922934013, 0.0, 0.28395459401
1615693319.18, -0.377976238344, 0.377569409969, 0.391008408346, -0.027036431009, 0.28456137407
1615693319.2, -0.37037856756, 0.375340369121, 0.388417700211, 0.0, 0.28537677515
1615693319.22, -0.362780627978, 0.373104546569, 0.390111948909, 0.0, 0.28618885743
1615693319.24, -0.355344617631, 0.370914755858, 0.386987505471, 0.0, 0.28638916719
1615693319.26, -0.348684238442, 0.368952081881, 0.388191826276, 0.0, 0.28656803596
1615693319.28, -0.340759713024, 0.366383035835, 0.383018494712, -0.0101506654498, 0.28700287806
1615693319.3, -0.333674249333, 0.364285791357, 0.382215680744, 0.0, 0.2877761935
1615693319.32, -0.326856554352, 0.362264965035, 0.371440908414, 0.0, 0.28815907466
1615693319.34, -0.319595873244, 0.360391165558, 0.368063476531, 0.0131818154871, 0.28836267459
1615693319.36, -0.312578277963, 0.358311064923, 0.364674332482, 0.0, 0.28816196429
1615693319.38, -0.305571599421, 0.356231150251, 0.365369834177, 0.0, 0.28856204497
1615693319.4, -0.298626084899, 0.353849045238, 0.359954876006, -0.0150680576622, 0.28856204497
1615693319.42, -0.291483061123, 0.35173025981, 0.36124116765, 0.0, 0.28835579383
1615693319.44, -0.284891661384, 0.349779298423, 0.352085480197, 0.0, 0.28777007806
1615693319.46, -0.278610904446, 0.348265004159, 0.35638960009, 0.0180635657687, 0.28722692716
1615693319.48, -0.271312924298, 0.34612119358, 0.352553934088, 0.0, 0.28571667898
1615693319.5, -0.264945239561, 0.344262523154, 0.347955445206, 0.0, 0.28400092348
1615693319.52, -0.258360707998, 0.342350391819, 0.348578984791, 0.0, 0.28262402285
1615693319.54, -0.251536466013, 0.340374742733, 0.345011499347, 0.0, 0.28180034385
1615693319.56, -0.245035530253, 0.338494122845, 0.333289152183, 0.0, 0.28159729229
1615693319.58, -0.239462508286, 0.33687779215, 0.338510184298, 0.0, 0.28228296505
1615693319.6, -0.232926538532, 0.335255439674, 0.325560626632, 0.0128319487353, 0.28269634949
1615693319.62, -0.226620180283, 0.333415434015, 0.330415321816, 0.0, 0.28388926733
1615693319.64, -0.21933032217, 0.331569662591, 0.324338260775, 0.012176707085, 0.2855111002
1615693319.66, -0.213511208213, 0.329854364648, 0.319216770676, 0.0, 0.28665138946
1615693319.68, -0.207380844455, 0.328037953471, 0.318524702759, 0.0, 0.28805651178
1615693319.7, -0.201156659551, 0.326188139953, 0.313911670231, 0.0, 0.28888391006
1615693319.72, -0.19585631766, 0.324611865635, 0.311272019135, 0.0, 0.28906156052
1615693319.74, -0.189729449739, 0.322784299115, 0.310689227021, 0.0, 0.28988471496
1615693319.76, -0.183724982312, 0.320991898594, 0.30476587596, 0.0, 0.29009032476
1615693319.78, -0.177596697899, 0.319162537321, 0.305433261172, 0.0, 0.29009032476
1615693319.8, -0.171780678482, 0.317426390633, 0.298849947452, 0.0, 0.29009032476
1615693319.82, -0.166135151861, 0.31573507179, 0.298764055473, 0.0, 0.29107662666
1615693319.84, -0.160816864613, 0.314138500401, 0.293609571748, 0.0, 0.29164398897
1615693319.86, -0.155080589402, 0.312416447331, 0.289893786122, 0.0, 0.29164398897
1615693319.88, -0.14981908994, 0.310838026479, 0.28573170844, 0.0, 0.29145174015
1615693319.9, -0.144336075991, 0.30919435107, 0.285404820953, 0.0, 0.29125118006
1615693319.92, -0.139293134544, 0.30768362464, 0.282029258731, 0.0, 0.29106451977
1615693319.94, -0.133577404493, 0.305972675212, 0.280251982138, 0.0, 0.29085162867
1615693319.96, -0.128333525295, 0.304404112299, 0.273728248214, 0.0, 0.29065166939
1615693319.98, -0.122685768112, 0.302710782086, 0.275018625616, 0.0, 0.29129484167
1615693320.0, -0.117885421472, 0.301270504241, 0.256777599006, 0.0, 0.29149002065
1615693320.02, -0.112608317978, 0.299684899234, 0.277716920072, 0.0, 0.29188683977
1615693320.04, -0.107924557434, 0.298283173506, 0.267492916508, 0.0, 0.29079020969
1615693320.06, -0.102489266086, 0.296662919109, 0.262953616298, 0.0, 0.28971175899
1615693320.08, -0.0977085370113, 0.295232700682, 0.255326892617, 0.0, 0.29068895329
1615693320.1, -0.0935975731728, 0.293997848083, 0.230627712467, 0.0, 0.29180566777
1615693320.12, -0.0901450371804, 0.292957576773, 0.212294040924, 0.0, 0.29265492667
1615693320.14, -0.0860554611361, 0.291988389724, 0.185939759677, 0.0111199095934, 0.29242929686
1615693320.16, -0.0828170017835, 0.291014888872, 0.1623906422, 0.0, 0.29201281776
1615693320.18, -0.0801869600792, 0.290223768026, 0.153210648833, 0.0, 0.29219207754
1615693320.2, -0.0767896159406, 0.289198368132, 0.151453520098, 0.0, 0.29312932006
1615693320.22, -0.0740617157833, 0.288373243276, 0.143055773807, 0.0, 0.2937269806
1615693320.24, -0.0713996437141, 0.28756520985, 0.143366140715, 0.0, 0.294697225
1615693320.26, -0.0686146287359, 0.286717483804, 0.149161478574, 0.0, 0.2954779028
1615693320.28, -0.065795197094, 0.285859918156, 0.142640065037, 0.0, 0.29527130118
1615693320.3, -0.062860078871, 0.284967854139, 0.142729817239, 0.0, 0.2950563716
1615693320.32, -0.0605989529493, 0.28428023133, 0.144575733235, 0.0, 0.29521984091
1615693320.33, -0.0583264886244, 0.283588296051, 0.136466957453, 0.0, 0.29556797973
1615693320.36, -0.0555540959737, 0.282742761903, 0.127521803244, 0.0, 0.29602256289
1615693320.38, -0.0532535725968, 0.282041140121, 0.124296118935, 0.0, 0.29602256289
1615693320.4, -0.0506478294342, 0.281247065299, 0.122369276053, 0.0, 0.29579995385
1615693320.42, -0.0486488610605, 0.280638278883, 0.120217885367, 0.0, 0.29562613478
1615693320.44, -0.0461796586007, 0.279886282536, 0.120328865598, 0.0, 0.29562613478
1615693320.46, -0.0440411459883, 0.279234555137, 0.118005795553, 0.0, 0.29581558457
1615693320.48, -0.0417863273338, 0.27854738262, 0.117121750832, 0.0, 0.29581558457
1615693320.5, -0.0394212465609, 0.277826606913, 0.117023879781, 0.0, 0.29581558457
