current_time, x_position, y_position, U_velocity, V_velocity
1615690379.72, 0.0, 0.0, 0.0, 0.0, 0.0
1615690379.74, 0.0, 0.0, 0.0, 0.0, 0.0
1615690379.76, 0.0, 0.0, 0.0, 0.0, 0.0
1615690379.78, 0.0, 0.0, 0.0, 0.0, 0.0
1615690379.8, 0.0, 0.0, 0.0, 0.0, 0.0
1615690379.82, 0.0, 0.0, 0.0, 0.0, 0.0
1615690379.84, 0.0, 0.0, 0.0, 0.0, 0.0
1615690379.86, 0.0, 0.0, 0.0, 0.0, 0.0
1615690379.88, 0.0, 0.0, 0.0, 0.0, 0.0
1615690379.9, 0.0, 0.0, 0.0, 0.0, 0.0
1615690379.92, 0.0, 0.0, 0.0, 0.0, 0.0
1615690379.94, 0.0, 0.0, 0.0, 0.0, 0.0
1615690379.96, 0.0, 0.0, 0.0, 0.0, 0.0
1615690379.98, 0.0, 0.0, 0.0, 0.0, 0.0
1615690380.0, 0.0, 0.0, 0.0, 0.0, 0.0
1615690380.02, 0.0, 0.0, 0.0, 0.0, 0.0
1615690380.04, 0.0, 0.0, 0.0, 0.0, 0.0
1615690380.06, 0.0, 0.0, 0.0, 0.0, 0.0
1615690380.08, 0.0, 0.0, 0.0, 0.0, 0.0
1615690380.1, 0.0, 0.0, 0.0, 0.0, 0.0
1615690380.12, 0.0, 0.0, 0.0, 0.0, 0.0
1615690380.14, 0.0, 0.0, 0.0, 0.0, 0.0
1615690380.16, 0.0, 0.0, 0.0, 0.0, 0.0
1615690380.18, 0.0, 0.0, 0.0, 0.0, 0.0
1615690380.2, 0.0, 0.0, 0.0, 0.0, 0.0
1615690380.22, 0.0, 0.0, 0.0, 0.0, 0.0
1615690380.25, 0.0, 0.0, 0.0, 0.0, 0.0
1615690380.26, 0.0, 0.0, 0.0, 0.0, 0.0
1615690380.28, 0.0, 0.0, 0.0, 0.0, 0.0
1615690380.3, 0.0, 0.0, 0.0, 0.0, 0.0
1615690380.32, 0.0, 0.0, 0.0, 0.0, 0.0
1615690380.34, 0.0, 0.0, 0.0, 0.0, 0.0
1615690380.36, 0.0, 0.0, 0.0, 0.0, 0.0
1615690380.38, 0.0, 0.0, 0.0, 0.0, 0.0
1615690380.4, 0.0, 0.0, 0.0, 0.0, 0.0
1615690380.42, 0.0, 0.0, 0.0, 0.0, 0.0
1615690380.44, 0.0, 0.0, 0.0, 0.0, 0.0
1615690380.46, 0.0, 0.0, 0.0, 0.0, 0.0
1615690380.48, 0.0, 0.0, 0.0, 0.0, 0.0
1615690380.5, 0.0, 0.0, 0.0, 0.0, 0.0
1615690380.52, 0.0, 0.0, 0.0, 0.0, 0.0
1615690380.54, 0.0, 0.0, 0.0, 0.0, 0.0
1615690380.56, 0.0, 0.0, 0.0, 0.0, 0.0
1615690380.58, 0.0, 0.0, 0.0, 0.0, 0.0
1615690380.6, 0.0, 0.0, 0.0, 0.0, 0.0
1615690380.62, 0.0, 0.0, 0.0, 0.0, 0.0
1615690380.64, 0.0, 0.0, 0.0, 0.0, 0.0
1615690380.66, 0.0, 0.0, 0.0, 0.0, 0.0
1615690380.68, 0.0, 0.0, 0.0, 0.0, 0.0
1615690380.7, 0.0, 0.0, 0.0, 0.0, 0.0
1615690380.72, 0.0, 0.0, 0.0, 0.0, 0.0
1615690380.74, 0.0, 0.0, 0.0, 0.0, 0.0
1615690380.76, 0.0, 0.0, 0.0, 0.0, 0.0
1615690380.78, 0.0, 0.0, 0.0, 0.0, 0.0
1615690380.8, 0.0, 0.0, 0.0, 0.0, 0.0
1615690380.82, 0.0, 0.0, 0.0, 0.0, 0.0
1615690380.84, 0.0, 0.0, 0.0, 0.0, 0.0
1615690380.86, 0.0, 0.0, 0.0, 0.0, 0.0
1615690380.88, 0.0, 0.0, 0.0, 0.0, 0.0
1615690380.9, 0.0, 0.0, 0.0, 0.0, 0.0
1615690380.92, 0.0, 0.0, 0.0, 0.0, 0.0
1615690380.94, 0.0, 0.0, 0.0, 0.0, 0.0
1615690380.96, 0.0, 0.0, 0.0, 0.0, 0.0
1615690380.98, 0.0, 0.0, 0.0, 0.0, 0.0
1615690381.0, 0.0, 0.0, 0.0, 0.0, 0.0
1615690381.02, 0.0, 0.0, 0.0, 0.0, 0.0
1615690381.04, 0.0, 0.0, 0.0, 0.0, 0.0
1615690381.06, 0.0, 0.0, 0.0, 0.0, 0.0
1615690381.08, 0.0, 0.0, 0.0, 0.0, 0.0
1615690381.1, 0.0, 0.0, 0.0, 0.0, 0.0
1615690381.12, 0.0, 0.0, 0.0, 0.0, 0.0
1615690381.14, 0.0, 0.0, 0.0, 0.0, 0.0
1615690381.16, 0.0, 0.0, 0.0, 0.0, 0.0
1615690381.18, 0.0, 0.0, 0.0, 0.0, 0.0
1615690381.2, 0.0, 0.0, 0.0, 0.0, 0.0
1615690381.22, 0.0, 0.0, 0.0, 0.0, 0.0
1615690381.24, 0.0, 0.0, 0.0, 0.0, 0.0
1615690381.26, 0.0, 0.0, 0.0, 0.0, 0.0
1615690381.28, 0.0, 0.0, 0.0, 0.0, 0.0
1615690381.3, 0.0, 0.0, 0.0, 0.0, 0.0
1615690381.32, 0.0, 0.0, 0.0, 0.0, 0.0
1615690381.34, 0.0, 0.0, 0.0, 0.0, 0.0
1615690381.36, 0.0, 0.0, 0.0, 0.0, 0.0
1615690381.38, 0.0, 0.0, 0.0, 0.0, 0.0
1615690381.4, 0.0, 0.0, 0.0, 0.0, 0.0
1615690381.42, 0.0, 0.0, 0.0, 0.0, 0.0
1615690381.44, 0.0, 0.0, 0.0, 0.0, 0.0
1615690381.46, 0.0, 0.0, 0.0, 0.0, 0.0
1615690381.48, 0.0, 0.0, 0.0, 0.0, 0.0
1615690381.5, 0.0, 0.0, 0.0, 0.0, 0.0
1615690381.52, 0.0, 0.0, 0.0, 0.0, 0.0
1615690381.54, 0.0, 0.0, 0.0, 0.0, 0.0
1615690381.56, 0.0, 0.0, 0.0, 0.0, 0.0
1615690381.58, 0.0, 0.0, 0.0, 0.0, 0.0
1615690381.6, 0.000278525361131, 0.0, 0.0133984018404, 0.0, 0.0
1615690381.62, 0.000702889444616, 0.0, 0.0212212600357, 0.0, 0.0
1615690381.64, 0.00118310908884, 0.0, 0.0242916073615, 0.0, 0.0
1615690381.66, 0.00171406250907, 0.0, 0.0272366814269, 0.0, 0.0
1615690381.68, 0.00234648312221, 0.0, 0.0314106234551, 0.0, 0.0
1615690381.7, 0.00312543247236, 0.0, 0.0396431472592, 0.0, 0.0
1615690381.72, 0.00403833324022, 0.0, 0.0439784444556, 0.0, 0.0
1615690381.74, 0.00497234682583, 0.0, 0.0481749284406, 0.0, 0.0
1615690381.76, 0.00600058371036, 0.0, 0.0518863081944, 0.0, 0.0
1615690381.78, 0.00702191774422, 0.0, 0.0518863081944, 0.0, 0.0
1615690381.8, 0.00806687934335, 0.0, 0.0503866946815, 0.0, 0.0
1615690381.82, 0.00905456240608, 0.0, 0.0503866946815, 0.0, 0.0
1615690381.84, 0.00989064234192, 0.0, 0.0418269744405, 0.0, 0.0
1615690381.86, 0.0105762090688, 0.0, 0.0344038674532, 0.0, 0.0
1615690381.88, 0.0111871487724, 0.0, 0.030237023936, 0.0, 0.0
1615690381.9, 0.0117443290858, 0.0, 0.0283236409255, 0.0, 0.0
1615690381.92, 0.0122609535566, 0.0, 0.0259596759107, 0.0, 0.0
1615690381.94, 0.0127828203503, 0.0, 0.0259596759107, 0.0, 0.0
1615690381.96, 0.0132812113039, 0.0, 0.0247525594878, 0.0, 0.0
1615690381.98, 0.0137783452483, 0.0, 0.0247525594878, 0.0, 0.0
1615690382.0, 0.0143390444173, 0.0, 0.0279400600368, 0.0, 0.0
1615690382.02, 0.0149683656628, 0.0, 0.0311636918803, 0.0, 0.0
1615690382.04, 0.0157038418637, 0.0, 0.0371283711385, 0.0, 0.0
1615690382.06, 0.0165785901048, 0.0, 0.043788088008, 0.0, 0.0
1615690382.08, 0.0176014941983, 0.0, 0.0496990589728, 0.0, 0.0
1615690382.1, 0.0186350877024, 0.0, 0.0535203940892, 0.0, 0.0
1615690382.12, 0.0198127635038, 0.0, 0.0594393668597, 0.0, 0.0
1615690382.14, 0.0210972513818, 0.0, 0.0646483220414, 0.0, 0.0
1615690382.16, 0.0225262039552, 0.0, 0.0703499201755, 0.0, 0.0
1615690382.18, 0.0239949522004, -1.44437498054e-06, 0.0746767001405, 0.0, 0.0009834051
1615690382.2, 0.0256037144309, -5.30223220295e-06, 0.0796071013709, 0.0, 0.00239802362
1615690382.22, 0.0273104252097, -1.17784356884e-05, 0.0855493808529, 0.0, 0.00379453419
1615690382.24, 0.0291356014096, -2.05394012799e-05, 0.0907611650224, 0.0, 0.00480002879
1615690382.26, 0.0310570766873, -2.97626087671e-05, 0.095625821382, 0.0, 0.00480002879
1615690382.28, 0.0330425024408, -3.92927827369e-05, 0.0998558089102, 0.0, 0.00480002879
1615690382.3, 0.035118686224, -4.92586012082e-05, 0.103541405206, 0.0, 0.00480002879
1615690382.32, 0.0373735601305, -6.00821440034e-05, 0.109620593488, 0.0, 0.00480002879
1615690382.34, 0.0395783863341, -7.06654545384e-05, 0.11306920864, 0.0, 0.00480002879
1615690382.36, 0.0418852601364, -8.17386002472e-05, 0.118582303942, 0.0, 0.00480002879
1615690382.38, 0.044338808572, -9.3515793826e-05, 0.121705434987, 0.0, 0.00480002879
1615690382.4, 0.0468219821029, -0.000105435189807, 0.125054685575, 0.0, 0.00480002879
1615690382.42, 0.0494891578893, -0.000118237808695, 0.132710237909, 0.0, 0.00480002879
1615690382.44, 0.0521324584545, -0.000127766818858, 0.132710237909, 0.0, 0.00360495095
1615690382.46, 0.0549194005968, -0.000128436965194, 0.140817762568, 0.0, 0.00024045936
1615690382.48, 0.05782265036, -0.000108405509847, 0.142319224438, 0.0, 6.27628575009
1615690382.5, 0.0607179499725, -0.000302661554065, 0.146046517715, -0.0123826969072, 6.26559480849
1615690382.52, 0.0637239299191, -0.000418855722092, 0.149158840206, -0.0104140339778, 6.25211511065
1615690382.54, 0.066682395189, -0.000527666550708, 0.150757137506, -0.0125267660243, 6.23704630767
1615690382.56, 0.0698449032896, -0.000589152041053, 0.155388343904, -0.012835684488, 6.22020806696
1615690382.58, 0.0729665505745, -0.000666256745834, 0.157735080673, -0.0164975029587, 6.20366923724
1615690382.6, 0.0761883925945, -0.000689821604147, 0.159574883184, -0.016477998387, 6.18760211404
1615690382.62, 0.0794167808783, -0.000637596332708, 0.161379816333, -0.0152385918787, 6.17286211398
1615690382.64, 0.08252400225, -0.000487890095404, 0.162545954575, -0.0118967750121, 6.16198248066
1615690382.66, 0.0859322753535, -0.000265684782806, 0.167514511042, -0.0106730012009, 6.15445369402
1615690382.68, 0.0892570310142, 0.000181626764965, 0.167567929434, 0.0, 6.14944869202
1615690382.7, 0.0926229763425, 0.000647438388218, 0.170823846365, 0.0, 6.1456692162
1615690382.72, 0.0959771065456, 0.00112136867029, 0.166272489674, 0.0, 6.14281701482
1615690382.74, 0.099423892308, 0.00141238614049, 0.173257611381, -0.0102213384606, 6.14002679746
1615690382.76, 0.103004659766, 0.00193364363751, 0.181243207006, 0.0, 6.13862925208
1615690382.78, 0.106599518636, 0.00224266766601, 0.179126868683, -0.0105455512619, 6.13862925208
1615690382.8, 0.11027197044, 0.00277727178578, 0.186377984648, 0.0, 6.13862925208
1615690382.82, 0.113985154189, 0.00332158900687, 0.188076272286, 0.0, 6.13763155378
1615690382.84, 0.117771753625, 0.00388658497929, 0.194201887909, 0.0, 6.13506871857
1615690382.86, 0.121685616274, 0.00449425514335, 0.194201887909, 0.0, 6.12915415668
1615690382.88, 0.12557733202, 0.0051380135291, 0.199182029176, 0.0, 6.11925215668
1615690382.9, 0.129460313759, 0.00583815610386, 0.199182029176, 0.0, 6.10479158084
1615690382.92, 0.13363210576, 0.00667610268213, 0.206009780558, 0.0, 6.08496286052
1615690382.94, 0.137612713323, 0.00757124486454, 0.206009780558, 0.0, 6.06198911388
1615690382.96, 0.14163063067, 0.00858324529804, 0.209250829135, 0.0, 6.03644564328
1615690382.98, 0.145547825151, 0.0096799536153, 0.209250829135, 0.0, 6.01020172968
1615690383.0, 0.149673209139, 0.0112331795246, 0.217151355632, 0.0129017692359, 5.98244017298
1615690383.02, 0.153672350912, 0.0125911251216, 0.209596346752, 0.0, 5.95584192878
1615690383.04, 0.157485435713, 0.0143677863471, 0.210980153467, 0.0174360216338, 5.92961221406
1615690383.06, 0.161445134543, 0.0159373125854, 0.212930402076, 0.0, 5.90580769682
1615690383.08, 0.165150185238, 0.0178267699076, 0.210235768359, 0.0159389937611, 5.8872652211
1615690383.1, 0.168923866227, 0.0197151757106, 0.213671390942, 0.011773367167, 5.87425059926
1615690383.12, 0.17268678247, 0.0218524107165, 0.214691238212, 0.0211451779974, 5.86482248198
1615690383.14, 0.176395958864, 0.0239729810478, 0.215877008059, 0.0203738480703, 5.85792604593
1615690383.16, 0.18028012868, 0.0263745483368, 0.221707178058, 0.027497152207, 5.85281578218
1615690383.18, 0.184054018514, 0.0285591573258, 0.219850373008, 0.0199772637456, 5.84906271598
1615690383.2, 0.187862522944, 0.0309769048783, 0.224589674462, 0.0290709403456, 5.8462739339
1615690383.22, 0.19175132009, 0.0332281749462, 0.223404761926, 0.0191371797474, 5.8438691297
1615690383.24, 0.195566193391, 0.0357700881666, 0.228146914117, 0.0335617966221, 5.84148363734
1615690383.26, 0.199660056554, 0.0381637043619, 0.22958126883, 0.0189695070383, 5.83654299398
1615690383.28, 0.203595347718, 0.0406300476529, 0.233546087037, 0.0245401240015, 5.82803885861
1615690383.3, 0.207623329174, 0.0430191494036, 0.233226510487, 0.0156919859381, 5.81501624511
1615690383.32, 0.211761836318, 0.0452061859868, 0.234215904534, 0.0, 5.79702956601
1615690383.34, 0.215859834274, 0.047489426338, 0.237012397125, 0.0, 5.77486163561
1615690383.36, 0.220080412384, 0.0497458471444, 0.237012397125, -0.0106723185336, 5.74722583121
1615690383.38, 0.224133375314, 0.0520721316752, 0.237323115673, -0.0104520636966, 5.71811139405
1615690383.4, 0.228309763239, 0.0544356764575, 0.237653364152, -0.0194545467604, 5.68651490855
1615690383.42, 0.232834221237, 0.0573008330422, 0.242229488743, -0.0164160078457, 5.65100151245
1615690383.44, 0.236431970148, 0.0597479312518, 0.240697143223, -0.0154528282189, 5.62177680641
1615690383.46, 0.240354747092, 0.0626385588674, 0.243110226028, -0.0138654845983, 5.59116005597
1615690383.48, 0.244154926394, 0.0655617014793, 0.241852245554, -0.0153170452624, 5.56425385133
1615690383.5, 0.247951154813, 0.0686361227337, 0.245753579864, -0.0149663323971, 5.54163516149
1615690383.52, 0.251519030393, 0.072013273934, 0.242745720828, 0.0, 5.52524225108
1615690383.54, 0.255014233748, 0.0753959122771, 0.245607935674, 0.0, 5.51415201052
1615690383.56, 0.258449984269, 0.0787692907274, 0.240580191599, 0.0, 5.5069469536
1615690383.58, 0.261942460797, 0.082232401546, 0.249009700451, 0.0, 5.5020090066
1615690383.6, 0.265618679054, 0.0859093919272, 0.252352463461, 0.0, 5.49768213867
1615690383.62, 0.26907768003, 0.0893934358608, 0.252352463461, 0.0, 5.49418024659
1615690383.64, 0.272600619396, 0.0929548431902, 0.247307109227, 0.0, 5.49235720272
1615690383.65, 0.275801822998, 0.0961966611906, 0.260759356709, 0.0, 5.49148360132
1615690383.68, 0.279693863251, 0.100138080643, 0.248652539109, 0.0, 5.49148360132
1615690383.7, 0.283387443303, 0.103555347565, 0.251730189182, -0.0113713242895, 5.49148360132
1615690383.72, 0.286621321932, 0.106830255148, 0.25494290615, 0.0, 5.49148360132
1615690383.74, 0.290430626555, 0.110687889284, 0.25371795427, 0.0, 5.49148360132
1615690383.76, 0.294102625944, 0.114418680705, 0.255638733388, 0.0, 5.48984543684
1615690383.78, 0.297653321903, 0.118054585796, 0.259659019236, 0.0, 5.48593103284
1615690383.8, 0.301269427221, 0.121808733823, 0.257915038587, 0.0, 5.47905962332
1615690383.82, 0.304901949386, 0.125638341862, 0.261243249721, 0.0, 5.47138180616
1615690383.84, 0.308531239393, 0.129197974219, 0.25725687992, -0.0114769583525, 5.46289315122
1615690383.86, 0.312214643573, 0.13321792026, 0.267452761146, 0.0, 5.45412717939
1615690383.88, 0.315761162256, 0.137154217073, 0.265460706436, 0.0, 5.44574441073
1615690383.9, 0.319222416459, 0.141057137329, 0.265460706436, 0.0, 5.43788394113
1615690383.92, 0.322767824836, 0.145120184498, 0.26872146027, 0.0, 5.42985715033
1615690383.94, 0.326274491649, 0.149201099941, 0.26872146027, 0.0, 5.42224846011
1615690383.96, 0.329924553437, 0.153103155708, 0.269905315276, -0.0131036827443, 5.41592109787
1615690383.98, 0.333292911804, 0.157109746832, 0.269963751214, 0.0, 5.41146159291
1615690384.0, 0.336830985039, 0.161351579809, 0.269963751214, 0.0, 5.40757403255
1615690384.02, 0.340323566778, 0.165561085087, 0.273363454459, 0.0, 5.40497285722
1615690384.04, 0.343957614254, 0.169963275926, 0.276085362982, 0.0, 5.4024917209
1615690384.06, 0.347393990829, 0.174146184931, 0.273849013745, 0.0, 5.4001195609
1615690384.08, 0.350711411619, 0.178198495266, 0.273849013745, 0.0, 5.39839841962
1615690384.1, 0.354357151979, 0.182668719253, 0.280345543323, 0.0, 5.39654657953
1615690384.12, 0.357862728586, 0.186982911727, 0.277971579455, 0.0, 5.39474675296
1615690384.14, 0.361242938335, 0.191154236301, 0.280262152337, 0.0, 5.39340576765
1615690384.16, 0.364859833768, 0.195632665775, 0.280262152337, 0.0, 5.39176256773
1615690384.18, 0.368302860338, 0.199905989548, 0.282554043001, 0.0, 5.39059724449
1615690384.2, 0.371898375625, 0.204381511939, 0.284243454458, 0.0, 5.38918344378
1615690384.22, 0.37545264772, 0.208818305349, 0.286481729722, 0.0, 5.38779437659
1615690384.24, 0.379045074413, 0.213313928553, 0.283718804968, 0.0, 5.38657739755
1615690384.26, 0.382606729301, 0.217771043402, 0.28925843654, 0.0, 5.38657739755
1615690384.28, 0.386185030245, 0.22225810979, 0.28925843654, 0.0, 5.38558534975
1615690384.3, 0.389852417047, 0.226856886784, 0.290371134284, 0.0, 5.38558534975
1615690384.32, 0.393392175836, 0.231304546362, 0.290371134284, 0.0, 5.3846065461
1615690384.34, 0.397225382732, 0.236133191412, 0.298425687423, 0.0, 5.3833670079
1615690384.36, 0.400842088566, 0.240700124043, 0.297420360488, 0.0, 5.3821917855
1615690384.38, 0.404519326598, 0.245343492658, 0.297420360488, 0.0, 5.3821917855
1615690384.4, 0.40820790563, 0.250001181924, 0.298709545312, 0.0, 5.3821917855
1615690384.42, 0.412040423055, 0.254840626901, 0.304683200506, 0.0, 5.3821917855
1615690384.44, 0.41580286145, 0.259591580798, 0.302141171417, 0.0, 5.3821917855
1615690384.46, 0.419586467464, 0.26436926374, 0.308312017695, 0.0, 5.3821917855
1615690384.48, 0.423412064346, 0.269199969921, 0.303775570796, 0.0, 5.3821917855
1615690384.5, 0.427258734059, 0.274057285456, 0.310573937662, 0.0, 5.3821917855
1615690384.52, 0.431019755725, 0.278806450404, 0.309386111145, 0.0, 5.3821917855
1615690384.54, 0.4349253725, 0.283750488987, 0.312200991476, 0.0, 5.38098091476
1615690384.56, 0.438901582265, 0.288796503545, 0.316707061382, 0.0, 5.3797638213
1615690384.58, 0.442482596318, 0.293701302826, 0.310895017339, 0.0108163516148, 5.3778116261
1615690384.6, 0.446344813489, 0.298640736464, 0.312319903338, 0.0, 5.37600478286
1615690384.62, 0.449969468626, 0.303832133155, 0.316621320103, 0.0165740206235, 5.37420748826
1615690384.63, 0.453713681725, 0.308652003612, 0.312523333174, 0.0, 5.37284045091
1615690384.65, 0.457550676327, 0.313603360549, 0.318472896211, 0.0, 5.37166030755
1615690384.67, 0.461434857527, 0.318625990356, 0.316959239584, 0.0, 5.3706587111
1615690384.69, 0.465363835889, 0.323706547316, 0.318846387604, 0.0, 5.3706587111
1615690384.72, 0.469308393211, 0.32880724941, 0.318846387604, 0.0, 5.3706587111
1615690384.74, 0.473276986295, 0.333939032117, 0.322045968549, 0.0, 5.3706587111
1615690384.76, 0.477316501851, 0.339162524584, 0.323210718226, 0.0, 5.3706587111
1615690384.77, 0.481154200164, 0.344125047428, 0.324958541523, 0.0, 5.3706587111
1615690384.79, 0.485165698387, 0.349312310716, 0.327902810945, 0.0, 5.3706587111
1615690384.81, 0.489209183018, 0.354540935588, 0.329664545081, 0.0, 5.3706587111
1615690384.83, 0.493162395577, 0.359652829758, 0.325611314486, 0.0, 5.3706587111
1615690384.86, 0.497449376958, 0.364811873698, 0.331929154779, -0.0116451322195, 5.3706587111
1615690384.87, 0.501441047898, 0.369973498352, 0.331929154779, 0.0, 5.3706587111
1615690384.89, 0.505777440514, 0.375150496471, 0.331929154779, -0.013288749477, 5.3696422612
1615690384.91, 0.509767014016, 0.380320259118, 0.332983109063, 0.0, 5.3696422612
1615690384.93, 0.513880423874, 0.385650491189, 0.33588696044, 0.0, 5.3696422612
1615690384.95, 0.517802527536, 0.391072060815, 0.33588696044, 0.0100735860301, 5.36864661325
1615690384.97, 0.521920284994, 0.396429968748, 0.33882191613, 0.0, 5.36764941565
1615690384.99, 0.526059244445, 0.401826529515, 0.342982830995, 0.0, 5.3666579639
1615690385.01, 0.530164125956, 0.40718964568, 0.341062146275, 0.0, 5.3656678592
1615690385.03, 0.534397799676, 0.412735019691, 0.343514759235, 0.0, 5.3644492637
1615690385.05, 0.538512503735, 0.418124564202, 0.344777416362, 0.0, 5.3644492637
1615690385.07, 0.542844115811, 0.42381283066, 0.345949853658, 0.0, 5.36320923914
1615690385.09, 0.547109515022, 0.429414146485, 0.351408581274, 0.0, 5.36320923914
1615690385.11, 0.550814794968, 0.435205698226, 0.345274239822, 0.0277088211882, 5.36162131418
1615690385.13, 0.555337337338, 0.440811999066, 0.356238522328, -0.0111870658143, 5.35980243308
1615690385.15, 0.559084290614, 0.445767427405, 0.354555880899, 0.0, 5.35980243308
1615690385.18, 0.564507817981, 0.451894072063, 0.355778283972, -0.0275152992438, 5.35980243308
1615690385.19, 0.56886660348, 0.457283082751, 0.355778283972, -0.0116336796532, 5.35980243308
1615690385.21, 0.573412638771, 0.462692494526, 0.357424886867, -0.0184154745262, 5.35980243308
1615690385.23, 0.57809876211, 0.468405740438, 0.364348356983, -0.0144124707308, 5.35980243308
1615690385.25, 0.582560330146, 0.473734756252, 0.356669825785, -0.0173628651637, 5.36077558623
1615690385.27, 0.587149650367, 0.479219217754, 0.35856199245, -0.0173628651637, 5.36077558623
1615690385.29, 0.591757075907, 0.484728466678, 0.360663751613, -0.0173628651637, 5.36077558623
1615690385.31, 0.596392502878, 0.490368506892, 0.360663751613, -0.0142728345751, 5.36077558623
1615690385.33, 0.600840355757, 0.495707242498, 0.358208859621, -0.0165720841729, 5.36077558623
1615690385.35, 0.605667019834, 0.501422846349, 0.363456202407, -0.0192408011673, 5.36077558623
1615690385.37, 0.610285941853, 0.506969694162, 0.363456202407, -0.0167250940021, 5.36077558623
1615690385.39, 0.615035767874, 0.51251651864, 0.363426006827, -0.021086521491, 5.3625809919
1615690385.41, 0.619611363936, 0.518066268065, 0.360229067656, -0.0120019145465, 5.3685678252
1615690385.43, 0.624265844237, 0.523547652007, 0.36333791669, -0.0139316601285, 5.37806069976
1615690385.45, 0.628854849516, 0.529224703095, 0.361485368533, 0.0, 5.39219653686
1615690385.47, 0.633515295567, 0.534759695633, 0.357778070219, 0.0, 5.41221839091
1615690385.49, 0.638238248297, 0.540071859919, 0.35908771523, 0.0, 5.43913951067
1615690385.51, 0.643029678809, 0.545459372336, 0.356558413956, 0.0116951010501, 5.47208185468
1615690385.53, 0.64807982715, 0.550399323517, 0.353845240011, 0.0, 5.50881733324
1615690385.55, 0.652497335723, 0.55472836881, 0.354964101633, 0.0122602422326, 5.54242653273
1615690385.57, 0.658702826363, 0.559956287028, 0.35925730652, 0.0, 5.58308109693
1615690385.59, 0.66363069104, 0.563877303243, 0.362087162944, 0.0, 5.61108247131
1615690385.61, 0.670329789875, 0.568440396169, 0.362087162944, -0.0155985383737, 5.64216961976
1615690385.63, 0.676665664648, 0.572317709305, 0.366481251616, -0.0256995562916, 5.66400623372
1615690385.65, 0.682131259898, 0.575639648484, 0.368099981908, -0.0218717291355, 5.6777087458
1615690385.67, 0.689580487945, 0.57959283031, 0.365134820634, -0.0384628192973, 5.6903417002
1615690385.69, 0.695823182805, 0.582898859352, 0.367109903305, -0.0357218602191, 5.69915158616
1615690385.71, 0.702771357854, 0.586285346165, 0.375878284017, -0.0468466569043, 5.7056815084
1615690385.73, 0.709201214305, 0.589580745866, 0.373080300426, -0.0375207160551, 5.7093426165
1615690385.75, 0.715911111046, 0.592814806214, 0.375188577518, -0.0463589115694, 5.7111159
1615690385.77, 0.722839849903, 0.59621970397, 0.375131706088, -0.0429836396728, 5.71234266372
1615690385.79, 0.729431897751, 0.59949061542, 0.376509930015, -0.0412339598131, 5.7135084018
1615690385.81, 0.736206650916, 0.602828647449, 0.376452375942, -0.0417594897379, 5.7149041948
1615690385.83, 0.74342217393, 0.606379298602, 0.382981572323, -0.0416288711496, 5.71761794181
1615690385.85, 0.750249481317, 0.609730672542, 0.381604467535, -0.0412425716746, 5.71920313925
1615690385.87, 0.757274317547, 0.613431737089, 0.386094539351, -0.0301193097158, 5.72043332189
1615690385.89, 0.764021327129, 0.616727445668, 0.381488106866, -0.0409006877604, 5.72199900717
1615690385.91, 0.770633659397, 0.620045370974, 0.382504203815, -0.0351693546713, 5.72642879107
1615690385.93, 0.777525422101, 0.623474559389, 0.381064511434, -0.0333133685264, 5.73427713469
1615690385.95, 0.784595276701, 0.626938927139, 0.380597380649, -0.0302273104363, 5.74829945685
1615690385.97, 0.791384565232, 0.630179513774, 0.377017702386, -0.026452805435, 5.76780644505
1615690385.99, 0.798089271601, 0.633257678271, 0.376339577174, -0.0223596540779, 5.79344173025
1615690386.01, 0.805138702663, 0.636266866682, 0.372690733912, -0.0202399305791, 5.82547780601
1615690386.03, 0.812035732817, 0.638987969261, 0.369642799079, -0.0165906465853, 5.86254834281
1615690386.05, 0.818964899173, 0.641444020453, 0.367654922528, -0.0142139114534, 5.9039088203
1615690386.07, 0.825854946429, 0.643577440699, 0.362638551472, -0.0125067811168, 5.94843534094
1615690386.09, 0.83202413537, 0.645190010675, 0.368548017537, -0.0144975343832, 5.98819821934
1615690386.11, 0.83914593307, 0.64662676248, 0.363355219708, -0.0185431004163, 6.03312843784
1615690386.13, 0.847399208934, 0.647809863212, 0.368769732477, -0.022593044857, 6.07961652788
1615690386.15, 0.854757952916, 0.648523440267, 0.369495542801, -0.0261949194156, 6.11574226901
1615690386.17, 0.861372687862, 0.649036000728, 0.376415794868, -0.0243526298332, 6.14124610731
1615690386.19, 0.86951126, 0.649148957441, 0.366568889234, -0.038749432316, 6.16398967842
1615690386.21, 0.876855050069, 0.649254556504, 0.373633737139, -0.0336210220386, 6.17906472302
1615690386.23, 0.884787326925, 0.648904511466, 0.382762240317, -0.0525767534872, 6.19077877364
1615690386.25, 0.892710211421, 0.648616845138, 0.391040933495, -0.04692895206, 6.20003853638
1615690386.27, 0.900167304455, 0.648089169292, 0.378507366204, -0.0566316447699, 6.20531248877
1615690386.29, 0.907914863744, 0.647813680399, 0.388088192125, -0.0425665729024, 6.20948244407
1615690386.31, 0.915979316485, 0.647491542851, 0.382971128824, -0.0431354861732, 6.21094838218
1615690386.33, 0.923329766083, 0.647171052417, 0.385633855647, -0.0444909544894, 6.21189603643
1615690386.35, 0.931128781512, 0.646975948859, 0.385535261546, -0.0363802773326, 6.21411208466
1615690386.37, 0.93887193031, 0.646573406348, 0.382762877251, -0.0452190495719, 6.21753198214
1615690386.39, 0.946445469354, 0.646388886448, 0.379380256885, -0.0311227407452, 6.22569179845
1615690386.41, 0.953916333383, 0.645989430522, 0.375421852428, -0.0364654946491, 6.2397746449
1615690386.43, 0.961361117204, 0.645650132786, 0.379025289562, -0.0266227846311, 6.25860406762
1615690386.45, 0.969149402611, 0.645206156513, 0.378488560698, -0.0232550541536, 6.27876457568
1615690386.47, 0.976880924041, 0.644551179362, 0.379218733482, -0.0265704120338, 0.01456151152
1615690386.49, 0.984474247357, 0.643865860113, 0.376887173258, -0.0222963382939, 0.03091869526
1615690386.51, 0.991823990858, 0.642898152847, 0.383249784228, -0.0336081846428, 0.04344353876
1615690386.53, 0.999487419867, 0.641841915181, 0.384047165453, -0.0319039511957, 0.05408270046
1615690386.55, 1.00604493506, 0.640653811642, 0.381585498377, -0.0454558412914, 0.06067269504
1615690386.57, 1.01423522129, 0.639371475253, 0.384865970536, -0.0341157734857, 0.06689493591
1615690386.59, 1.0220795701, 0.637844506744, 0.386225994746, -0.0471418216988, 0.07079735446
1615690386.61, 1.02975664131, 0.636413726678, 0.38441337553, -0.0424672285738, 0.07422997882
1615690386.63, 1.03721924316, 0.634888265314, 0.388105459197, -0.0485645140658, 0.07715108332
1615690386.65, 1.04492520357, 0.633396089195, 0.387978527778, -0.0434426239133, 0.07976474931
1615690386.67, 1.05255671726, 0.631822373217, 0.387874568847, -0.0472437001173, 0.08215776615
1615690386.69, 1.06021831304, 0.630116607821, 0.389948674702, -0.0526138024198, 0.08495048699
1615690386.71, 1.06795928142, 0.628463606926, 0.389810832019, -0.0481144841721, 0.08757038284
1615690386.73, 1.07557810207, 0.626740180984, 0.389667412718, -0.051701737095, 0.09055117549
1615690386.75, 1.08319980309, 0.62506269818, 0.391972038388, -0.0483491666386, 0.09391039776
1615690386.77, 1.09137687714, 0.623012127998, 0.395678136992, -0.0592476909867, 0.09707104146
1615690386.79, 1.09877626841, 0.621412366095, 0.390929183103, -0.0446559041454, 0.09918743068
1615690386.81, 1.10679846666, 0.619623483257, 0.401984259503, -0.0480617665556, 0.1004055541
1615690386.83, 1.11442551472, 0.617862753633, 0.390481349253, -0.0488613544109, 0.1023946565
1615690386.85, 1.12210373961, 0.616123848309, 0.397041753317, -0.0469733234767, 0.1049544852
1615690386.87, 1.12997192107, 0.614140696849, 0.396918126112, -0.0556583939028, 0.10758634508
1615690386.89, 1.13764343805, 0.612345310848, 0.396742531173, -0.0474984189852, 0.11074121404
1615690386.91, 1.1455331731, 0.610341611215, 0.400309422286, -0.054019792993, 0.11457011152
1615690386.93, 1.15337837168, 0.608535308974, 0.39774571806, -0.0431674385975, 0.11819208088
1615690386.95, 1.16111967133, 0.606462848044, 0.39984289656, -0.0564336025174, 0.1213674348
1615690386.97, 1.16864396486, 0.604742670074, 0.39965854549, -0.0401480180817, 0.12463412454
1615690386.99, 1.17675030093, 0.602632236488, 0.403666926619, -0.0515300795772, 0.12772174059
1615690387.01, 1.18441490368, 0.60071745451, 0.398752802405, -0.0459494951783, 0.13008357219
1615690387.03, 1.19251318378, 0.598622548058, 0.408090671012, -0.0497130863625, 0.1319148129
1615690387.05, 1.20041605299, 0.596418875495, 0.400802121443, -0.0559937363823, 0.1331311911
1615690387.07, 1.20813568563, 0.594243587684, 0.408875770786, -0.0576919817834, 0.13449080166
1615690387.09, 1.21591688081, 0.592014362509, 0.403122791217, -0.0581795147199, 0.1356831759
1615690387.11, 1.22388739619, 0.589719292002, 0.406129723575, -0.0586684170504, 0.13689596352
1615690387.13, 1.23167265527, 0.587376645439, 0.406013624762, -0.0627817915414, 0.13887486152
1615690387.15, 1.23969662653, 0.585020207092, 0.405860002831, -0.0589846434182, 0.14132178008
1615690387.17, 1.24749227383, 0.582515524821, 0.405695647303, -0.0682907691787, 0.14410819224
1615690387.19, 1.25518643956, 0.580146964376, 0.407687944981, -0.0620373797628, 0.1476221436
1615690387.21, 1.26310524542, 0.577485360804, 0.407412221385, -0.0708507711831, 0.1520666188
1615690387.23, 1.27076295081, 0.574998495533, 0.4069968521, -0.0640447974131, 0.1579292125
1615690387.25, 1.27865520978, 0.572307716813, 0.406530243999, -0.0670100348101, 0.16521486442
1615690387.27, 1.28623802644, 0.569651457702, 0.405954439757, -0.0668188522116, 0.17380767062
1615690387.29, 1.29433579992, 0.566678044414, 0.40865781583, -0.0694408057647, 0.18358876636
1615690387.31, 1.30191998613, 0.563594710548, 0.407973962879, -0.079604969286, 0.19343676486
1615690387.33, 1.30957188018, 0.560517698345, 0.407164712862, -0.0735590290299, 0.20360258772
1615690387.35, 1.31714264064, 0.557281315943, 0.408588928366, -0.0792860487511, 0.21230669676
1615690387.37, 1.32423674737, 0.554551730092, 0.416732597976, -0.0626540658299, 0.21807856268
1615690387.39, 1.33257570447, 0.550803441797, 0.407201229799, -0.0824297197363, 0.22269983003
1615690387.41, 1.34023665419, 0.547554566511, 0.408974274577, -0.0722202793042, 0.22630647833
1615690387.43, 1.34779384946, 0.543918794272, 0.405504810308, -0.0895991941219, 0.23095111075
1615690387.45, 1.35531356323, 0.540327948139, 0.408285041798, -0.0870926302425, 0.23534250435
1615690387.47, 1.36255359684, 0.536877285555, 0.403660610235, -0.0842335447359, 0.23903799485
1615690387.49, 1.37009227037, 0.533240703619, 0.406879459272, -0.0855337265841, 0.24225897261
1615690387.51, 1.37752056806, 0.529366301588, 0.403605787332, -0.0969197015682, 0.24508473821
1615690387.53, 1.38498205509, 0.525889281477, 0.404767071815, -0.0773385962042, 0.24728208732
1615690387.55, 1.392452472, 0.521812897136, 0.410146774914, -0.10491191606, 0.24909126948
1615690387.57, 1.39972762706, 0.518285947789, 0.40612775096, -0.0823986276766, 0.25123737278
1615690387.59, 1.4071242253, 0.514358164527, 0.41093452406, -0.0981889050838, 0.25361599874
1615690387.61, 1.41496476006, 0.510598264935, 0.410750873557, -0.0797048819767, 0.25548637811
1615690387.63, 1.4222173004, 0.506733658701, 0.40875375064, -0.0962955180401, 0.25822606037
1615690387.65, 1.42972712893, 0.503166269801, 0.408445311412, -0.0751870782118, 0.26142910901
1615690387.67, 1.43737990444, 0.499163065776, 0.408321121541, -0.0908281773451, 0.26308085389
1615690387.69, 1.44472260448, 0.495308998697, 0.413748652284, -0.0917070788657, 0.26523333015
1615690387.71, 1.45210128541, 0.491511790096, 0.410103491619, -0.0864097999739, 0.26760935259
1615690387.73, 1.45945832404, 0.487654858085, 0.41094358218, -0.0889972381317, 0.26958493659
1615690387.75, 1.46682814013, 0.483555129581, 0.413025346965, -0.0992759456225, 0.27176877924
1615690387.77, 1.47434639842, 0.479657392987, 0.412805979363, -0.0855334313927, 0.27397845451
1615690387.79, 1.48168136592, 0.475638189352, 0.41562743677, -0.0961292118759, 0.27397845451
1615690387.81, 1.48927443724, 0.471596776599, 0.416771853576, -0.0903672787203, 0.27559205235
1615690387.83, 1.49689062184, 0.467558805777, 0.413590201894, -0.0883622725317, 0.27701885402
1615690387.85, 1.50407727494, 0.46368288342, 0.415093082676, -0.0909366142669, 0.27894036472
1615690387.87, 1.51168940413, 0.459529903437, 0.418737363023, -0.0929683360656, 0.28096196352
1615690387.89, 1.51923178233, 0.455296388033, 0.411675924789, -0.0959033640903, 0.28259892648
1615690387.91, 1.52679206022, 0.451263726624, 0.423867607122, -0.0886722964893, 0.28378613652
1615690387.93, 1.53444176278, 0.447114065353, 0.421526970303, -0.0912785515798, 0.28378613652
1615690387.95, 1.54202653586, 0.443276614912, 0.420399204116, -0.0785008222903, 0.28378613652
1615690387.97, 1.54936953753, 0.439280677492, 0.418534404673, -0.0907000940709, 0.2849573964
1615690387.99, 1.55737710622, 0.435050712016, 0.426686863468, -0.0862123149034, 0.28662171072
1615690388.01, 1.56462602829, 0.431087392596, 0.417056336235, -0.0897546982819, 0.28836465297
1615690388.03, 1.57221885166, 0.426940480851, 0.423378752484, -0.0897658135256, 0.29096334881
1615690388.05, 1.57964881543, 0.422781421535, 0.420036615139, -0.0924197936216, 0.29373507441
1615690388.07, 1.5871983415, 0.418609267196, 0.419850878922, -0.0891024968347, 0.29574477611
1615690388.09, 1.59465120302, 0.414447862087, 0.419655951907, -0.0900209927417, 0.29793244786
1615690388.11, 1.6022019504, 0.410330489826, 0.422417390946, -0.0854057297121, 0.29972849794
1615690388.13, 1.60963169356, 0.406088414254, 0.418784375811, -0.0923599935608, 0.30172348924
1615690388.15, 1.6172359467, 0.401777955012, 0.42335356518, -0.0910956343569, 0.30374198854
1615690388.17, 1.62455003303, 0.397496585742, 0.420087250233, -0.095650714369, 0.30570908494
1615690388.19, 1.63208731703, 0.393195964955, 0.425672879922, -0.0911752908344, 0.30750316087
1615690388.21, 1.63963025967, 0.388772228527, 0.420259187002, -0.0945462267412, 0.30912715383
1615690388.23, 1.64723431406, 0.38440437378, 0.428285733012, -0.0918517828073, 0.31012815423
1615690388.25, 1.6546402338, 0.380041652974, 0.423309532472, -0.0950339139062, 0.31151500172
1615690388.27, 1.66214631283, 0.375694395594, 0.426317720457, -0.0924023249502, 0.31151500172
1615690388.29, 1.66963956509, 0.371242450965, 0.427771884711, -0.0971787272157, 0.31270714712
1615690388.31, 1.67725450857, 0.366992602523, 0.424572164777, -0.0839098570996, 0.31391614388
1615690388.33, 1.68477500198, 0.362439532203, 0.426019650066, -0.0994237709677, 0.31512190766
1615690388.35, 1.69225675683, 0.358184702785, 0.426991932744, -0.0867245097284, 0.3167022223
1615690388.37, 1.69974752939, 0.353643064695, 0.426783751939, -0.0981001387611, 0.31910270638
1615690388.39, 1.70716486815, 0.349289784391, 0.429031387241, -0.0912099336338, 0.32125958869
1615690388.41, 1.71486859359, 0.344326588797, 0.432026304036, -0.109482144208, 0.32413825945
1615690388.43, 1.7222642109, 0.339868731018, 0.431769655152, -0.0947273338874, 0.32648246713
1615690388.45, 1.7297923417, 0.334744198537, 0.426853048005, -0.118679727846, 0.32648246713
1615690388.47, 1.73765047719, 0.330327771308, 0.441759515415, -0.0853032899336, 0.32127335985
1615690388.49, 1.74510443614, 0.325525868326, 0.431360313984, -0.116013545614, 0.30956185041
1615690388.51, 1.75304616689, 0.321219204713, 0.444257539817, -0.0930402279855, 0.29045410833
1615690388.53, 1.76087674036, 0.316541972983, 0.440652345748, -0.122482986815, 0.26732022949
1615690388.55, 1.76907671436, 0.312542483449, 0.446074748203, -0.0971557531802, 0.23934261969
1615690388.57, 1.7773724433, 0.308138259249, 0.446022910646, -0.128492191943, 0.20757357235
1615690388.59, 1.7859178697, 0.304901656055, 0.449446964358, -0.0867247634377, 0.17144049529
1615690388.61, 1.79449734106, 0.301072811836, 0.452353618854, -0.130973561021, 0.13792464145
1615690388.63, 1.80317856838, 0.298309749821, 0.453407554632, -0.0916110554705, 0.10877597781
1615690388.65, 1.81200608561, 0.295317580963, 0.453256405207, -0.112160930692, 0.08422262802
1615690388.67, 1.82085911337, 0.292835424371, 0.455383502551, -0.0961561027129, 0.06525793746
1615690388.69, 1.82974479187, 0.290488636559, 0.452374042004, -0.0951294953522, 0.05094361026
1615690388.71, 1.83878123097, 0.288158188362, 0.452211848563, -0.0974945862532, 0.04005015084
1615690388.73, 1.84761639743, 0.286152828422, 0.456301495225, -0.0877403902281, 0.03322589599
1615690388.75, 1.85675718195, 0.284088017159, 0.454656610895, -0.0895137013915, 0.02776564792
1615690388.77, 1.86598627793, 0.282237357043, 0.456407367481, -0.080414144768, 0.02350036333
1615690388.79, 1.87499822414, 0.280146647915, 0.456582783188, -0.0957152348162, 0.02131895971
1615690388.81, 1.8841205819, 0.278403733415, 0.459383655228, -0.0787885459567, 0.01892783119
1615690388.83, 1.89339060786, 0.276079064172, 0.456171206149, -0.108104586037, 0.0130158967
1615690388.85, 1.90249753922, 0.274350604688, 0.463769029769, -0.0869595602916, 0.00221116045
1615690388.87, 1.91211946997, 0.272403592007, 0.46341943795, -0.101717259062, 6.26677442633
1615690388.89, 1.92020737191, 0.270977664551, 0.465663779893, -0.100707185804, 6.24470991177
1615690388.91, 1.9306919026, 0.2692819811, 0.465627830725, -0.111254369757, 6.2089919217
1615690388.93, 1.93901637482, 0.268466926466, 0.476790797401, -0.0974089481787, 6.17925696888
1615690388.95, 1.94883509609, 0.267448718869, 0.474369451298, -0.118407133687, 6.14190546888
1615690388.97, 1.95953872045, 0.267150627078, 0.477051484703, -0.104044833254, 6.09629061544
1615690388.99, 1.96858194382, 0.266983312552, 0.481150196758, -0.120190051299, 6.0568969048
1615690389.01, 1.97834796597, 0.267635918368, 0.483295420141, -0.0993827267351, 6.01365193742
1615690389.03, 1.98913381898, 0.268538668077, 0.485806533612, -0.114552525868, 5.96811367892
1615690389.05, 1.99790637063, 0.270076861727, 0.483495735413, -0.0852424942651, 5.9350970025
1615690389.07, 2.00891593027, 0.272213990667, 0.485000000411, -0.0938247039485, 5.90036151501
1615690389.09, 2.01833298822, 0.27471629887, 0.485849035338, -0.072091238252, 5.87615904033
1615690389.11, 2.02773994735, 0.277373848418, 0.485074789195, -0.0732252172646, 5.85802631481
1615690389.13, 2.03589550646, 0.279788414796, 0.487910272534, -0.0729179218781, 5.84699207417
1615690389.15, 2.04663312364, 0.283119565555, 0.490026608444, -0.0718518509539, 5.83677714932
1615690389.17, 2.05612018561, 0.286019816441, 0.491594000991, -0.0771686139148, 5.83079632412
1615690389.19, 2.06539498554, 0.289132769206, 0.487192926084, -0.0656482220244, 5.82542304386
1615690389.21, 2.07375864564, 0.29174899204, 0.492740069654, -0.0792719443549, 5.82050650958
1615690389.23, 2.08304633896, 0.294981506877, 0.491023218178, -0.0677309787867, 5.81118170864
1615690389.25, 2.09267449086, 0.298137316703, 0.496326188142, -0.0850732546345, 5.79669469016
1615690389.27, 2.10295004382, 0.301968563282, 0.49978711924, -0.0763093880404, 5.77478669532
1615690389.29, 2.11262775959, 0.305473257717, 0.498589833932, -0.0951275036715, 5.7472086466
1615690389.31, 2.12186164016, 0.309406225963, 0.496974034827, -0.0815358009298, 5.71791311656
1615690389.33, 2.1300677976, 0.312875466259, 0.494081329181, -0.0952484179435, 5.69277037504
1615690389.35, 2.13924518603, 0.3171930411, 0.496343123985, -0.0874636239724, 5.66902410342
1615690389.37, 2.14833538486, 0.321901149816, 0.505338403145, -0.0801410342663, 5.64801586197
1615690389.39, 2.15714770055, 0.32715773938, 0.510976114417, -0.0595784192679, 5.62926652985
1615690389.41, 2.16691625835, 0.332396564144, 0.489078758399, -0.0873967663396, 5.61409506889
1615690389.43, 2.17590589854, 0.337650674069, 0.508326430315, -0.0750892517311, 5.60761061769
1615690389.45, 2.18356437559, 0.342054301686, 0.504698666821, -0.0799975137246, 5.60415297609
1615690389.47, 2.19301632016, 0.348055138265, 0.498370388725, -0.0583165141025, 5.60102917289
1615690389.49, 2.20171068541, 0.353262120676, 0.501126327105, -0.0736649151546, 5.5976277981
1615690389.51, 2.20911721253, 0.358316353992, 0.507240769731, -0.046718774592, 5.59252295101
1615690389.52, 2.21789820794, 0.363305635991, 0.50020247996, -0.0944664218643, 5.57982534973
1615690389.55, 2.22729693677, 0.36998281084, 0.504414724878, -0.0543091821796, 5.55823649998
1615690389.57, 2.23583327464, 0.375636220349, 0.506799660509, -0.0838217463633, 5.53431834838
1615690389.59, 2.24364363311, 0.381678093431, 0.510232125921, -0.0614444785411, 5.50492069429
1615690389.61, 2.25187389248, 0.387859912411, 0.509597982535, -0.0877290690268, 5.46849263377
1615690389.63, 2.25964298694, 0.394991442489, 0.514800133467, -0.0584054950363, 5.4275791099
1615690389.65, 2.26723449037, 0.401755530629, 0.508777456469, -0.0869926516105, 5.38601451952
1615690389.67, 2.27422990275, 0.409477168843, 0.516233964903, -0.0546232295975, 5.34306251532
1615690389.68, 2.28027018005, 0.41649074051, 0.513233630123, -0.0592211297501, 5.3084847048
1615690389.7, 2.28652153861, 0.424587108531, 0.510218324755, -0.0487915437898, 5.2745576943
1615690389.73, 2.29326900239, 0.434082810181, 0.515270297183, -0.0449049923897, 5.24325215183
1615690389.74, 2.29818830137, 0.441593455234, 0.511732893509, -0.0349837850159, 5.22399777713
1615690389.77, 2.30430053853, 0.451439274511, 0.510964855752, -0.0315245773686, 5.20634081651
1615690389.79, 2.30943513998, 0.460196327269, 0.516208032961, -0.0246703135568, 5.19494797511
1615690389.81, 2.31445364082, 0.4690505458, 0.510392352896, -0.0207620086204, 5.18737679317
1615690389.82, 2.31885569681, 0.476898562206, 0.511616066603, -0.0212275009752, 5.18210492917
1615690389.85, 2.32426631223, 0.486947840651, 0.511710720022, -0.0146610343108, 5.17764592957
1615690389.87, 2.32909581535, 0.495924889264, 0.514075903481, -0.0172106829926, 5.17249323189
1615690389.89, 2.33405088861, 0.505296491643, 0.514246091257, -0.0185996304744, 5.16260473557
1615690389.9, 2.33805511462, 0.513240758259, 0.518060442037, -0.0153038742645, 5.14973102607
1615690389.93, 2.34318288639, 0.523537589065, 0.518399653328, -0.0243128381761, 5.12756596607
1615690389.95, 2.34742751548, 0.532817495783, 0.520150681288, -0.0200433551945, 5.10286496765
1615690389.97, 2.35158737422, 0.542231440636, 0.514678692241, -0.0296522095895, 5.07092259965
1615690389.98, 2.35505164471, 0.551025202883, 0.521456364918, -0.0259327589184, 5.03797535077
1615690390.01, 2.3586997503, 0.561737751598, 0.515018594803, -0.0237600435276, 4.99451433691
1615690390.03, 2.36155733777, 0.571503667567, 0.510791581111, -0.0238776470939, 4.95033826831
1615690390.05, 2.36387786928, 0.581347164671, 0.507079075752, -0.0211017973706, 4.90231413806
1615690390.07, 2.36577281154, 0.591267959514, 0.504177810058, -0.0241347999722, 4.85328965276
1615690390.09, 2.36669338572, 0.601215969349, 0.503378626909, 0.0, 4.80466470856
1615690390.1, 2.36712216619, 0.610224696975, 0.496171514728, 0.0, 4.75994920738
1615690390.13, 2.36645282089, 0.621465265886, 0.498581474121, 0.0277612495648, 4.7085349657
1615690390.15, 2.36576374835, 0.631329841441, 0.492831598423, 0.0129998918342, 4.66902087118
1615690390.17, 2.36431253691, 0.641035083136, 0.488015912473, 0.0345906212799, 4.63472183311
1615690390.19, 2.36254744171, 0.650447329994, 0.492719652623, 0.0402758508963, 4.60857093856
1615690390.21, 2.36024301537, 0.659977882514, 0.485941601606, 0.0551325694617, 4.58812086166
1615690390.23, 2.35789481193, 0.669382080345, 0.482318068634, 0.0510434473096, 4.57313214166
1615690390.25, 2.35509652347, 0.678689717276, 0.483606047537, 0.0689642824284, 4.5619903643
1615690390.27, 2.35220448813, 0.688783914568, 0.485413502336, 0.0585511641033, 4.5533999523
1615690390.29, 2.34954707047, 0.697113048703, 0.480375070839, 0.0699650990256, 4.54817708101
1615690390.31, 2.34663399555, 0.706763539456, 0.482192071431, 0.0604918083269, 4.54402845461
1615690390.33, 2.34365710216, 0.715954647931, 0.482024041288, 0.0689544511428, 4.54125072077
1615690390.34, 2.34114564612, 0.724059049333, 0.480397523349, 0.0616401044433, 4.53949891647
1615690390.37, 2.33758364605, 0.734444859572, 0.485057712202, 0.075592585139, 4.5365913613
1615690390.39, 2.33473711375, 0.743642849896, 0.486790962031, 0.0576331905462, 4.53010946368
1615690390.4, 2.33187355194, 0.751975387527, 0.482842273643, 0.0663814416466, 4.51799730351
1615690390.43, 2.32883219258, 0.761751662331, 0.47179574266, 0.0400690411069, 4.49550924415
1615690390.44, 2.32570463465, 0.770009934458, 0.482707578808, 0.0602971897939, 4.47463334935
1615690390.46, 2.32222111956, 0.779044635695, 0.481126456805, 0.0502319046977, 4.44841119856
1615690390.48, 2.31846153882, 0.787768813399, 0.474205604042, 0.0536485629619, 4.41815401168
1615690390.5, 2.31444406174, 0.796537413815, 0.474697275868, 0.0501627228127, 4.38804710893
1615690390.53, 2.30962200792, 0.8060034556, 0.473288556833, 0.0564537289843, 4.35996412309
1615690390.54, 2.30565576387, 0.813296302786, 0.473246095846, 0.0605445801918, 4.34152009553
1615690390.57, 2.30002573182, 0.822499032652, 0.469399710206, 0.0759777099527, 4.32382352417
1615690390.58, 2.29582169629, 0.829479494166, 0.468641357633, 0.0677303533675, 4.31384227343
1615690390.61, 2.2898298067, 0.838511987794, 0.472597276389, 0.0845396141077, 4.30368260228
1615690390.63, 2.28472235896, 0.846342796024, 0.461869742252, 0.0757877112744, 4.29709086977
1615690390.65, 2.27951377447, 0.854125366784, 0.464971368993, 0.0796888451878, 4.29232663697
1615690390.67, 2.27406336251, 0.861839672866, 0.463144800862, 0.0894704811889, 4.28812158416
1615690390.69, 2.26882503082, 0.869347103325, 0.462761760566, 0.0845277916816, 4.2838403923
1615690390.71, 2.26333611173, 0.877233178444, 0.461051407871, 0.0820994972648, 4.28055765454
1615690390.73, 2.25778194335, 0.884681561243, 0.460775900249, 0.0960685921126, 4.27720187732
1615690390.75, 2.25233683642, 0.892345806127, 0.460505738021, 0.0836598393185, 4.27438969676
1615690390.77, 2.24684504878, 0.899762004339, 0.460374197749, 0.0922827735311, 4.27281737396
1615690390.78, 2.24138167085, 0.907182584912, 0.460247281385, 0.0902788980711, 4.27144207542
1615690390.81, 2.23552264264, 0.914941587255, 0.46009783135, 0.0952663953726, 4.26978664942
1615690390.83, 2.23004767379, 0.922450653636, 0.462110965609, 0.0876265961918, 4.26978664942
1615690390.84, 2.22433469405, 0.929864834663, 0.462110965609, 0.100390872853, 4.26978664942
1615690390.87, 2.21825080202, 0.938219150315, 0.461978528196, 0.0866950328481, 4.26846743176
1615690390.88, 2.21308375254, 0.944926555467, 0.463484755286, 0.099469345958, 4.26739576408
1615690390.9, 2.20755996957, 0.95239393644, 0.464357290741, 0.0896512905375, 4.26621736594
1615690390.92, 2.20178709809, 0.959949528669, 0.462621784052, 0.0967983122204, 4.26621736594
1615690390.94, 2.19613657607, 0.967691182848, 0.466486627075, 0.0854155793674, 4.26298376162
1615690390.97, 2.1902664513, 0.975496301078, 0.473449093099, 0.093722367427, 4.26298376162
1615690390.99, 2.18449042212, 0.983254467077, 0.471930184172, 0.0910418740372, 4.26298376162
1615690391.01, 2.17885846725, 0.990976206686, 0.467229439276, 0.0860671586892, 4.2643919547
1615690391.02, 2.17331315958, 0.998535814701, 0.472543155296, 0.0893311633903, 4.2663414557
1615690391.04, 2.16835461037, 1.00564134158, 0.474502257191, 0.0791142419828, 4.26832275469
1615690391.07, 2.1615065757, 1.01410500865, 0.47114421995, 0.11340341542, 4.26832275469
1615690391.08, 2.15635725202, 1.02164291942, 0.46687620587, 0.07306727492, 4.26832275469
1615690391.1, 2.15115225477, 1.02852669407, 0.473038780503, 0.0975375063233, 4.26832275469
1615690391.12, 2.1451130411, 1.03723811902, 0.466031466388, 0.0762203350604, 4.26832275469
1615690391.14, 2.13957351471, 1.04484842856, 0.466031466388, 0.0872799435083, 4.26832275469
1615690391.16, 2.13418402829, 1.05262645484, 0.470288994812, 0.0768056744544, 4.26832275469
1615690391.18, 2.12947023987, 1.05936198903, 0.464743675893, 0.0781275315078, 4.26832275469
1615690391.2, 2.12327141693, 1.06804668453, 0.466693696662, 0.0835689305883, 4.26967305739
1615690391.22, 2.11784567542, 1.07582263892, 0.470167101695, 0.0790164418, 4.26967305739
1615690391.24, 2.11236861682, 1.08354328858, 0.46873167663, 0.0825343346723, 4.26967305739
1615690391.26, 2.10684800112, 1.09154678014, 0.466617390909, 0.0758364971906, 4.26967305739
1615690391.28, 2.10160835944, 1.09906557581, 0.468030310375, 0.0783703265332, 4.26967305739
1615690391.3, 2.09630230885, 1.10684050184, 0.468030310375, 0.0736773757661, 4.26967305739
1615690391.32, 2.09065250173, 1.11467808795, 0.469392462749, 0.0863240540504, 4.26967305739
1615690391.34, 2.08525659166, 1.12266106572, 0.469392462749, 0.0717438691065, 4.26967305739
1615690391.36, 2.07991307309, 1.13027989905, 0.471568771697, 0.0804237388034, 4.26967305739
1615690391.38, 2.07463679475, 1.13801870495, 0.471568771697, 0.0740161427296, 4.26967305739
1615690391.4, 2.06949592622, 1.14522237147, 0.477598311275, 0.0854830760146, 4.26967305739
1615690391.42, 2.06402364369, 1.15425229817, 0.480410470911, 0.0492286196025, 4.26967305739
1615690391.44, 2.05825952757, 1.16235355001, 0.47522408926, 0.0843632437026, 4.26967305739
1615690391.46, 2.0537339047, 1.16948963355, 0.47522408926, 0.0584903734347, 4.26967305739
1615690391.48, 2.04754986616, 1.17809196539, 0.475288205764, 0.0873057127555, 4.27076924639
1615690391.5, 2.04227474879, 1.18597004411, 0.472454037248, 0.0706348284596, 4.27076924639
1615690391.52, 2.03651145912, 1.19367215551, 0.472454037248, 0.0961528338553, 4.27076924639
1615690391.54, 2.03146491987, 1.20167176347, 0.467025207278, 0.0568699595291, 4.27076924639
1615690391.56, 2.02583040712, 1.20935200766, 0.469647417404, 0.0909687909781, 4.27076924639
1615690391.58, 2.02071520271, 1.21722165433, 0.469647417404, 0.0636706331778, 4.27076924639
1615690391.6, 2.01525746973, 1.22487515968, 0.470665065503, 0.0839310548736, 4.26939291311
1615690391.62, 2.00971488969, 1.23312769089, 0.476880619572, 0.0681914710072, 4.262995728
1615690391.64, 2.00420410785, 1.24092719422, 0.474201083576, 0.0736956503519, 4.25145367928
1615690391.66, 1.9987323622, 1.24898290888, 0.469370737284, 0.0551534327051, 4.23270239946
1615690391.68, 1.9932541976, 1.25638950521, 0.472459984491, 0.0636710185218, 4.20951352146
1615690391.7, 1.9882145103, 1.26303940914, 0.467178796331, 0.0557908310218, 4.18273510596
1615690391.72, 1.98234510899, 1.27031082981, 0.463220469388, 0.0529329622428, 4.1470587493
1615690391.74, 1.97550099849, 1.27809768071, 0.464201279428, 0.0526291038583, 4.10423002859
1615690391.76, 1.97008597454, 1.28408779712, 0.456834097244, 0.0421513588252, 4.06938002087
1615690391.78, 1.96361122491, 1.29038328035, 0.452882365576, 0.0525066244179, 4.02837735116
1615690391.8, 1.95694959852, 1.29648166918, 0.446204393751, 0.0455829136427, 3.98468249156
1615690391.82, 1.95004270154, 1.30212922163, 0.440137584542, 0.0492057282693, 3.93834858216
1615690391.84, 1.94293816744, 1.30735118557, 0.441704249927, 0.051433004318, 3.89135659425
1615690391.86, 1.93571535823, 1.31217436281, 0.432815147371, 0.0496206413497, 3.84450679685
1615690391.88, 1.92791070403, 1.31663150366, 0.407048281765, 0.0521903445699, 3.78800249291
1615690391.9, 1.92052362332, 1.32067814558, 0.407475708873, 0.0368067738796, 3.73282942135
1615690391.92, 1.9130791161, 1.32391330418, 0.402250392191, 0.0528634002668, 3.68221137486
1615690391.94, 1.90559780555, 1.32684349286, 0.398566407197, 0.0467089955475, 3.63155592738
1615690391.96, 1.8982272634, 1.3288755045, 0.388163782351, 0.0668241742815, 3.58108710118
1615690391.98, 1.89060881217, 1.33115805562, 0.393832261621, 0.0401467050424, 3.53427771573
1615690392.0, 1.88280676979, 1.33286116202, 0.385273060545, 0.0539695128794, 3.49568672261
1615690392.02, 1.87531315376, 1.33452187274, 0.383619361522, 0.0405686836637, 3.46504536725
1615690392.04, 1.8678126434, 1.33558788634, 0.380952034497, 0.0614352625376, 3.44266368455
1615690392.06, 1.86020989804, 1.33645271291, 0.378836388489, 0.0653761034556, 3.42574537125
1615690392.08, 1.85257507291, 1.33722462326, 0.378038715203, 0.0653561213814, 3.41354407378
1615690392.1, 1.84490368266, 1.33811781659, 0.377509727384, 0.0562627763894, 3.40545014458
1615690392.12, 1.83741561447, 1.33861353716, 0.372132003075, 0.0724981046519, 3.40010576809
1615690392.14, 1.82991452044, 1.33936778807, 0.37854304398, 0.0587485743877, 3.39577616281
1615690392.16, 1.82230768164, 1.34007188249, 0.375694980428, 0.0600407132578, 3.39236270986
1615690392.18, 1.81468764902, 1.34067585885, 0.377966109826, 0.0627390718692, 3.38518039774
1615690392.2, 1.806988765, 1.34141276482, 0.377175811564, 0.0514477414892, 3.37258380938
1615690392.22, 1.79971504967, 1.34216894779, 0.376261403462, 0.0414151012882, 3.35481027694
1615690392.24, 1.79175996176, 1.34280006048, 0.372981532527, 0.0403962051908, 3.32864695801
1615690392.26, 1.78462049795, 1.34323718481, 0.369852669665, 0.0355678495867, 3.29861560237
1615690392.28, 1.77738569104, 1.34355683174, 0.365035524232, 0.0278971271651, 3.26202054332
1615690392.3, 1.77103941617, 1.3435883207, 0.361399164219, 0.0288213834138, 3.22613543477
1615690392.32, 1.76288852738, 1.34340814571, 0.370462496644, 0.0235102083652, 3.18286809034
1615690392.34, 1.75540215933, 1.3431408293, 0.363152978585, 0.0143351019492, 3.14535424852
1615690392.36, 1.74838146148, 1.34244518426, 0.356828199203, 0.0255790518223, 3.11439222828
1615690392.38, 1.74133581953, 1.341692323, 0.353164313527, 0.0189498822449, 3.08874769708
1615690392.4, 1.73429461446, 1.34061886454, 0.357491732283, 0.028651188229, 3.07027787011
1615690392.42, 1.72716330372, 1.33946507272, 0.352518246322, 0.0264840950718, 3.05617765456
1615690392.44, 1.72026660011, 1.33795230122, 0.352238904015, 0.0424601728909, 3.04563010495
1615690392.46, 1.71350866822, 1.33675201427, 0.345940069393, 0.0252603772279, 3.0387042955
1615690392.48, 1.70664339542, 1.33532684843, 0.354055163508, 0.0346154883228, 3.034368134
1615690392.5, 1.6997028353, 1.33384017137, 0.351475205798, 0.0356114035564, 3.03155525246
1615690392.52, 1.69267415374, 1.33238659547, 0.351373788241, 0.0320799283426, 3.02870735692
1615690392.54, 1.68596578316, 1.33089992703, 0.354994702171, 0.0368633901233, 3.02697467134
1615690392.56, 1.67885346712, 1.32936966827, 0.357665868833, 0.0344021457296, 3.02555738253
1615690392.58, 1.67202491511, 1.32796576213, 0.351264088324, 0.0301229020684, 3.02437094493
1615690392.6, 1.66505260982, 1.326460146, 0.35981442941, 0.0344507883535, 3.02437094493
1615690392.62, 1.65780071765, 1.3251206294, 0.357047687184, 0.0233958330686, 3.02437094493
1615690392.64, 1.65090138943, 1.32369231225, 0.355900669919, 0.0305876776194, 3.02318751141
1615690392.66, 1.64391694336, 1.32244751328, 0.358791885559, 0.0208215686221, 3.02318751141
1615690392.68, 1.63677141417, 1.32097826435, 0.360454744434, 0.0301238300246, 3.02217910811
1615690392.7, 1.62956904593, 1.31976573631, 0.357017648026, 0.0164872253972, 3.02095295951
1615690392.72, 1.62272578948, 1.31844988145, 0.362252265429, 0.0248047636589, 3.01999336051
1615690392.74, 1.61554565581, 1.31722949303, 0.358739519159, 0.0162762151034, 3.01857368512
1615690392.76, 1.6086607236, 1.31582255458, 0.356532119739, 0.0273606394156, 3.01660847232
1615690392.78, 1.60163573733, 1.31453235781, 0.36117269027, 0.0199100098521, 3.01502880616
1615690392.8, 1.5943076523, 1.31322834059, 0.36117269027, 0.0179073880344, 3.01502880616
1615690392.82, 1.58671124814, 1.31188399239, 0.368218319183, 0.0179073880344, 3.01502880616
1615690392.84, 1.58000728854, 1.31065509357, 0.360765872929, 0.019765457354, 3.01502880616
1615690392.86, 1.5728208281, 1.30937618196, 0.366074492203, 0.0181551869754, 3.01502880616
1615690392.88, 1.56578129794, 1.30801970244, 0.364727168267, 0.0233003137016, 3.01502880616
1615690392.9, 1.55827807558, 1.30657636079, 0.366569924475, 0.0233003137016, 3.01502880616
1615690392.92, 1.55192373802, 1.30545898164, 0.371337817627, 0.0176524537671, 3.01502880616
1615690392.94, 1.54404229619, 1.30394347918, 0.358856928349, 0.0227838398652, 3.01502880616
1615690392.96, 1.5369122376, 1.30261697354, 0.366789765681, 0.0210685387076, 3.01502880616
1615690392.98, 1.52968370437, 1.30126993707, 0.36490618893, 0.0210685387076, 3.01502880616
1615690393.0, 1.52337130852, 1.30014286268, 0.363375028674, 0.0182289494291, 3.01502880616
1615690393.02, 1.51535188658, 1.29872620237, 0.366359356541, 0.0172145662586, 3.01369657084
1615690393.04, 1.50892815439, 1.29761775984, 0.373172364592, 0.0144812523495, 3.0095073466
1615690393.06, 1.50071470196, 1.29640788465, 0.363329127452, 0.0, 2.99534032366
1615690393.08, 1.49361095078, 1.29522138678, 0.366767048406, 0.0, 2.97609619204
1615690393.1, 1.48626740349, 1.29380849534, 0.368132311642, 0.0, 2.95151627866
1615690393.12, 1.47907201576, 1.29222182577, 0.366195281404, 0.0, 2.92455400734
1615690393.14, 1.47212356221, 1.29050394607, 0.364479031049, 0.0, 2.89922090865
1615690393.16, 1.46524948344, 1.28865233965, 0.367209203357, 0.0, 2.87847681116
1615690393.18, 1.45791084561, 1.28653534886, 0.36183293305, 0.0, 2.86074536372
1615690393.2, 1.45113597634, 1.28448520717, 0.364745070104, 0.0, 2.84774329012
1615690393.22, 1.44422026911, 1.28255781395, 0.363363754746, -0.0114597527942, 2.83826426308
1615690393.24, 1.43743650725, 1.28037511441, 0.357904854315, 0.0, 2.83029984308
1615690393.26, 1.43062786446, 1.27813690398, 0.363480898503, 0.0, 2.82399010484
1615690393.28, 1.4238591642, 1.27533428255, 0.363480898503, 0.0253883319083, 2.81876252482
1615690393.3, 1.41662670933, 1.2728899637, 0.371392625676, 0.0, 2.81567912887
1615690393.32, 1.40995354778, 1.27020184692, 0.365321155594, 0.0202068386691, 2.81390947174
1615690393.34, 1.40295691475, 1.26782342351, 0.368661860004, 0.0, 2.81390947174
1615690393.36, 1.3961127721, 1.26516390466, 0.370386864146, 0.0159151400417, 2.81390947174
1615690393.38, 1.38897344059, 1.26273697258, 0.369078032547, 0.0, 2.81390947174
1615690393.4, 1.38296237804, 1.26041444171, 0.374515903982, 0.0153726005924, 2.81390947174
1615690393.42, 1.37527996565, 1.25780289564, 0.362499490605, 0.0, 2.81390947174
1615690393.44, 1.36857780664, 1.25521027472, 0.371730536065, 0.015406507569, 2.81390947174
1615690393.46, 1.36142754293, 1.25277962637, 0.364291013227, 0.0, 2.81390947174
1615690393.48, 1.35468145123, 1.25048637156, 0.364291013227, 0.0, 2.81390947174
1615690393.5, 1.34768575627, 1.24810826704, 0.367606792319, 0.0, 2.81390947174
1615690393.52, 1.34054578708, 1.24568111819, 0.37048584021, 0.0, 2.81390947174
1615690393.54, 1.33370331564, 1.24336263013, 0.366060903756, 0.0, 2.81489627434
1615690393.56, 1.32685183193, 1.24104108836, 0.368054777759, 0.0, 2.81489627434
1615690393.58, 1.31981252727, 1.23866382389, 0.368054777759, 0.0, 2.81590561939
1615690393.6, 1.31284501464, 1.23632004886, 0.370201697156, 0.0, 2.81709704947
1615690393.62, 1.30581182804, 1.23395418202, 0.371918302942, 0.0, 2.81709704947
1615690393.64, 1.29864248961, 1.23154251558, 0.371918302942, 0.0, 2.81709704947
1615690393.66, 1.29183367999, 1.2292594411, 0.371918302942, 0.0, 2.81806250167
1615690393.68, 1.28453914811, 1.2268134982, 0.374771095207, 0.0, 2.81806250167
1615690393.7, 1.27734479376, 1.22441086066, 0.374771095207, 0.0, 2.81927683423
1615690393.72, 1.27042613976, 1.22212141484, 0.371191096046, 0.0, 2.82202546193
1615690393.74, 1.26337195341, 1.21983674141, 0.373471862242, 0.0, 2.82837876401
1615690393.76, 1.25590303167, 1.21787041149, 0.382484671393, -0.0178015674324, 2.83765739043
1615690393.78, 1.2487879483, 1.21574749105, 0.371904022719, 0.0, 2.85163284353
1615690393.8, 1.24180844524, 1.2140318799, 0.365123271565, -0.0113323352329, 2.86953710809
1615690393.82, 1.234770674, 1.21220544316, 0.372807457427, 0.0, 2.8876750069
1615690393.84, 1.22730083948, 1.21040755483, 0.372807457427, 0.0, 2.90539866262
1615690393.86, 1.22007326931, 1.2087770212, 0.372807457427, 0.0, 2.91970801174
1615690393.88, 1.21267949129, 1.20765923054, 0.372807457427, -0.0227056751749, 2.93071954084
1615690393.9, 1.20551558438, 1.20619874977, 0.374455512677, 0.0, 2.94048206634
1615690393.92, 1.19788379528, 1.20505198509, 0.378383512572, -0.0171301643687, 2.94720582063
1615690393.94, 1.1906175286, 1.2036585154, 0.376349713999, 0.0, 2.95212058113
1615690393.96, 1.18296160734, 1.20246046742, 0.382063503831, -0.0115379736208, 2.95617517533
1615690393.98, 1.17546758986, 1.20108417701, 0.382019780309, 0.0, 2.95996470747
1615690394.0, 1.16798866177, 1.19973817286, 0.3840845602, 0.0, 2.96352599433
1615690394.02, 1.16054925231, 1.198429809, 0.379802994004, 0.0, 2.96750362693
1615690394.04, 1.15308859511, 1.19714791337, 0.38525996875, 0.0, 2.97143343273
1615690394.06, 1.14533160584, 1.19584605928, 0.38525996875, 0.0, 2.97531247672
1615690394.08, 1.13770121143, 1.19459377765, 0.38525996875, 0.0, 2.9789252191
1615690394.1, 1.13015177448, 1.19337915246, 0.38901364048, 0.0, 2.98207020822
1615690394.12, 1.12239357736, 1.1921565535, 0.390278086497, 0.0, 2.9852900415
1615690394.14, 1.11484583923, 1.19119806332, 0.38593740802, -0.0102830915179, 2.98864022555
1615690394.16, 1.10698976619, 1.19001494079, 0.388548769425, 0.0, 2.9921162181
1615690394.18, 1.09952952744, 1.18891839498, 0.38383331224, 0.0, 2.99565231378
1615690394.2, 1.09184957409, 1.18781601725, 0.390864542203, 0.0, 2.9990268165
1615690394.22, 1.08379851018, 1.1866790067, 0.394225924208, 0.0, 3.00129557904
1615690394.24, 1.07624908745, 1.18563227875, 0.39234495751, 0.0, 3.00382094201
1615690394.26, 1.068318938, 1.18484685758, 0.388330917382, -0.0138167691202, 3.00730731068
1615690394.28, 1.0605324005, 1.18382298932, 0.398961257105, 0.0, 3.01085061608
1615690394.3, 1.05284373714, 1.18284291992, 0.391817990673, 0.0, 3.01480698168
1615690394.32, 1.04502205873, 1.18187593238, 0.396077794668, 0.0, 3.01858763512
1615690394.34, 1.03704125664, 1.18091220411, 0.397527429086, 0.0, 3.02141870798
1615690394.36, 1.02912272623, 1.17997693785, 0.397527429086, 0.0, 3.02402623706
1615690394.38, 1.02157645814, 1.1791095568, 0.388675596905, 0.0, 3.02715314442
1615690394.4, 1.01337326246, 1.17819905963, 0.402202630082, 0.0, 3.03105212036
1615690394.42, 1.00571004559, 1.17737718102, 0.395868042316, 0.0, 3.03475123473
1615690394.44, 0.997774374961, 1.17655019826, 0.398215797262, 0.0, 3.03775663203
1615690394.46, 0.989827171873, 1.17574441657, 0.400903236983, 0.0, 3.04054611509
1615690394.48, 0.981767358633, 1.17494366452, 0.400903236983, 0.0, 3.04256642639
1615690394.5, 0.973971727625, 1.17418467618, 0.397308499929, 0.0, 3.04453781429
1615690394.52, 0.965901381819, 1.17341693517, 0.403660075388, 0.0, 3.04674696508
1615690394.54, 0.957959801919, 1.17267901404, 0.400053646848, 0.0, 3.04894001308
1615690394.56, 0.949950079202, 1.17195416952, 0.401639480429, 0.0, 3.0513429004
1615690394.58, 0.94214989873, 1.17126663487, 0.40267244245, 0.0, 3.0536764366
1615690394.6, 0.933934371733, 1.17056119544, 0.401392903425, 0.0, 3.0559361512
1615690394.62, 0.925985921636, 1.16990104623, 0.399811185354, 0.0, 3.05872900546
1615690394.64, 0.918226758935, 1.16927926223, 0.402751086653, 0.0, 3.06162808006
1615690394.66, 0.909800406857, 1.16863223909, 0.406149766428, 0.0, 3.06495735702
1615690394.68, 0.901563918699, 1.16802969172, 0.4118354236, 0.0, 3.06856688082
1615690394.7, 0.893598693573, 1.1674579627, 0.407872950959, 0.0, 3.0699374062
1615690394.72, 0.885614224218, 1.16688485236, 0.403682106465, 0.0, 3.0699374062
1615690394.74, 0.877584522935, 1.16632121074, 0.408704812817, 0.0, 3.07151300972
1615690394.76, 0.869371920819, 1.16576139285, 0.407666436072, 0.0, 3.07353222432
1615690394.78, 0.861239704684, 1.16522518307, 0.403959501212, 0.0, 3.07575147212
1615690394.8, 0.853156923991, 1.16472639892, 0.403959501212, 0.0, 3.07996133162
1615690394.82, 0.844877665165, 1.16390366529, 0.409862199301, 0.016591590486, 3.08300377922
1615690394.84, 0.836923813526, 1.16344974859, 0.402893166028, 0.0, 3.08458569602
1615690394.86, 0.828934164044, 1.16269939567, 0.402893166028, 0.0156495164279, 3.08677501986
1615690394.88, 0.820641500716, 1.16226460984, 0.409164569833, 0.0, 3.08921043702
1615690394.9, 0.812656518978, 1.16161556478, 0.405259247458, 0.0125249503967, 3.09138392042
1615690394.92, 0.804557703734, 1.16122793326, 0.408384119699, 0.0, 3.0937664087
1615690394.94, 0.796500491805, 1.16049475554, 0.411102881228, 0.0185462723797, 3.09592900826
1615690394.96, 0.788197280887, 1.16011533691, 0.406669203126, 0.0, 3.09592900826
1615690394.98, 0.780231413533, 1.15921472466, 0.409774858167, 0.0279440665438, 3.09710009642
1615690395.0, 0.772131989734, 1.1588638372, 0.406329873345, 0.0, 3.09829720568
1615690395.02, 0.764047783011, 1.1581172459, 0.407415789071, 0.0204646943424, 3.09969034505
1615690395.04, 0.755903398963, 1.15778883384, 0.407448540747, 0.0, 3.10129074401
1615690395.06, 0.747867293255, 1.15717755538, 0.410443010406, 0.0152706601001, 3.10286051105
1615690395.08, 0.739379867678, 1.15708883303, 0.404735560368, -0.0108542342403, 3.10432798454
1615690395.1, 0.73142681995, 1.15680776623, 0.410501959123, 0.0, 3.10626658984
1615690395.12, 0.723375227673, 1.1565362134, 0.399749509418, 0.0, 3.10787883352
1615690395.14, 0.715155767116, 1.15628698512, 0.4109957242, 0.0, 3.11128020831
1615690395.16, 0.706654650781, 1.15604812684, 0.420908808119, 0.0, 3.11350276062
1615690395.18, 0.698193476917, 1.15582558643, 0.424480581157, 0.0, 3.11529735153
1615690395.2, 0.690038300087, 1.15604461828, 0.407247794552, -0.0216643434524, 3.11529735153
1615690395.22, 0.682060449965, 1.15585610799, 0.418354480127, 0.0, 3.11796783991
1615690395.24, 0.673330518845, 1.15567154586, 0.421379124399, 0.0, 3.12045449803
1615690395.26, 0.665178682502, 1.1558231942, 0.408509450061, -0.0150999437589, 3.12324678487
1615690395.28, 0.65697964111, 1.15569065599, 0.413351814691, 0.0, 3.12542897532
1615690395.3, 0.648462632082, 1.15557204453, 0.41863100898, 0.0, 3.12766713212
1615690395.32, 0.640685035787, 1.15547864024, 0.405810980004, 0.0, 3.12958382672
1615690395.34, 0.632274279734, 1.15539294891, 0.415737838535, 0.0, 3.13140470339
1615690395.36, 0.624038707776, 1.15532535863, 0.415737838535, 0.0, 3.13338572329
1615690395.38, 0.615617291285, 1.15526993302, 0.414469466917, 0.0, 3.13501124209
1615690395.4, 0.607351122621, 1.15523347247, 0.418905852225, 0.0, 3.13718186681
1615690395.42, 0.598802269801, 1.15497443262, 0.414741222215, 0.0115919069139, 3.13924325771
1615690395.44, 0.590932865093, 1.15497544737, 0.41278468158, 0.0, 3.14172160215
1615690395.46, 0.582656248901, 1.15499946764, 0.41782763218, 0.0, 3.14449482981
1615690395.48, 0.574088865497, 1.15504569169, 0.412374570623, 0.0, 3.14698795389
1615690395.5, 0.566015908402, 1.15510341243, 0.414134597063, 0.0, 3.14874241902
1615690395.52, 0.557825564981, 1.15517970242, 0.416233908576, 0.0, 3.15090701167
1615690395.54, 0.549509629099, 1.15527395632, 0.411851970653, 0.0, 3.15292629787
1615690395.56, 0.541272860771, 1.15538043963, 0.413569187263, 0.0, 3.15451973507
1615690395.58, 0.532804792412, 1.15569365102, 0.41747443568, -0.0100394452172, 3.15451973507
1615690395.6, 0.524188448541, 1.15579473586, 0.432336715659, 0.0, 3.15332387039
1615690395.62, 0.515791298459, 1.15616434303, 0.4236444453, -0.0161927738569, 3.14737608989
1615690395.64, 0.507001818193, 1.15611667418, 0.431371405784, 0.0, 3.13616930804
1615690395.66, 0.49849536004, 1.15634942236, 0.425525628441, -0.0208490350192, 3.11999037371
1615690395.68, 0.489504056762, 1.15634728039, 0.43247405313, -0.0191326351457, 3.09714329341
1615690395.7, 0.481395063859, 1.15614818782, 0.425952503458, -0.0195921316446, 3.07108186287
1615690395.71, 0.47395222359, 1.15574892744, 0.424983950848, -0.0200108082024, 3.04094918803
1615690395.74, 0.464252063652, 1.15479661032, 0.428487973081, -0.0179521976916, 3.00185872567
1615690395.76, 0.455963726167, 1.15377729569, 0.419400485465, -0.0203113764913, 2.97083356423
1615690395.78, 0.448004704701, 1.15253637054, 0.412512355382, -0.0172709666453, 2.94508032331
1615690395.8, 0.439730363333, 1.15111562273, 0.420163827875, -0.0193522350692, 2.92551936161
1615690395.82, 0.431551233392, 1.14919926794, 0.417840234987, 0.0, 2.91144594211
1615690395.84, 0.423360589971, 1.14718486332, 0.413808989445, 0.0, 2.90043905785
1615690395.86, 0.415451806586, 1.14517388543, 0.416285295512, 0.0, 2.89259785225
1615690395.88, 0.407433269335, 1.14309051548, 0.413927880115, 0.0, 2.88739395173
1615690395.9, 0.399603917343, 1.14102502699, 0.411573340118, 0.0, 2.88365592517
1615690395.92, 0.391431885686, 1.13884783606, 0.416748867845, 0.0, 2.88122076553
1615690395.94, 0.383390217428, 1.13668977341, 0.413824244081, 0.0, 2.87940995257
1615690395.96, 0.375848147398, 1.13465643532, 0.405510270524, 0.0, 2.87825417083
1615690395.98, 0.367776241783, 1.13246453134, 0.414769851441, 0.0, 2.87643923803
1615690396.0, 0.359894347472, 1.13032422441, 0.408162191424, 0.0, 2.87643923803
1615690396.02, 0.352029928273, 1.12841550305, 0.404995833926, -0.0109593635815, 2.87643923803
1615690396.04, 0.344091685637, 1.12625989489, 0.411266387844, 0.0, 2.87643923803
1615690396.06, 0.335946129317, 1.12437955847, 0.416159848125, -0.0164426267102, 2.87523490477
1615690396.08, 0.327936167668, 1.12219411383, 0.416159848125, 0.0, 2.87523490477
1615690396.1, 0.31979932515, 1.12057507758, 0.414716988396, -0.0296377840168, 2.87383812715
1615690396.12, 0.311879610144, 1.1184023658, 0.418184954779, 0.0, 2.87383812715
1615690396.14, 0.303653670751, 1.11663625269, 0.418184954779, -0.023553899939, 2.87383812715
1615690396.16, 0.295541730641, 1.11442136624, 0.416571065787, 0.0, 2.87504928403
1615690396.17, 0.288255759677, 1.11294035897, 0.416571065787, -0.027536673706, 2.87504928403
1615690396.2, 0.279299755464, 1.11049500901, 0.420810308222, 0.0, 2.87504928403
1615690396.22, 0.271094962954, 1.10878422927, 0.412977050605, -0.0252141250829, 2.87504928403
1615690396.24, 0.263161056177, 1.10661795309, 0.418409411204, 0.0, 2.87504928403
1615690396.26, 0.255069640197, 1.10482555209, 0.418409411204, -0.0203275780175, 2.87504928403
1615690396.28, 0.246897651014, 1.10259426982, 0.418409411204, 0.0, 2.87504928403
1615690396.3, 0.239095930764, 1.10046408589, 0.416766448416, 0.0, 2.87504928403
1615690396.32, 0.231061005659, 1.09827022764, 0.418568415401, 0.0, 2.87504928403
1615690396.34, 0.222734384158, 1.09600962983, 0.418568415401, 0.0, 2.87649220754
1615690396.36, 0.214803059355, 1.09364074608, 0.416937080973, 0.0104839097311, 2.87649220754
1615690396.38, 0.206807333262, 1.09148352944, 0.419705058196, 0.0, 2.87807076738
1615690396.39, 0.198939739883, 1.08937408968, 0.416265794846, 0.0, 2.87963620466
1615690396.42, 0.190647819551, 1.0871599611, 0.419902133572, 0.0, 2.88065816206
1615690396.44, 0.182604672067, 1.08501226044, 0.419902133572, 0.0, 2.88065816206
1615690396.46, 0.17443497277, 1.08283076761, 0.418240306288, 0.0, 2.88065816206
1615690396.48, 0.166373305142, 1.08127632937, 0.406480999301, -0.0277802095312, 2.88287478735
1615690396.5, 0.158335987766, 1.079218233, 0.423258601047, 0.0, 2.89091153437
1615690396.52, 0.149983612095, 1.07770860927, 0.418906451436, -0.0261591455041, 2.90041596226
1615690396.54, 0.142007860645, 1.07587392163, 0.412547149633, 0.0, 2.91549273282
1615690396.56, 0.134107159334, 1.07425857425, 0.402823460917, 0.0, 2.9399159787
1615690396.58, 0.126048959472, 1.07256356129, 0.409994569424, 0.0139246914662, 2.96821881987
1615690396.6, 0.117922986706, 1.07138061218, 0.410395781824, 0.0, 2.99703183891
1615690396.62, 0.109914934956, 1.07010494232, 0.407830207508, 0.0179565167955, 3.02762252519
1615690396.64, 0.101674131219, 1.06937541553, 0.412457177131, 0.0, 3.05329665895
1615690396.65, 0.094402242575, 1.06885935966, 0.417801465287, 0.0, 3.07074556095
1615690396.68, 0.0850835342753, 1.0683292526, 0.412703968965, 0.0, 3.08476757271
1615690396.69, 0.0769236516231, 1.06793905266, 0.415589849725, 0.0, 3.09380974533
1615690396.71, 0.0694297552148, 1.06762339198, 0.422162543681, 0.0, 3.09949516997
1615690396.73, 0.0602348298175, 1.0672849016, 0.416549032735, 0.0, 3.10479653117
1615690396.75, 0.0519746705209, 1.06700707771, 0.416549032735, 0.0, 3.10797112221
1615690396.77, 0.0434907748152, 1.06674571851, 0.420675425946, 0.0, 3.11079588639
1615690396.79, 0.0351937369231, 1.06675250167, 0.411324157218, -0.011928908686, 3.11341708419
1615690396.81, 0.026989409271, 1.06654708904, 0.417694798005, 0.0, 3.11656077619
1615690396.83, 0.0186933167169, 1.06657022187, 0.416531686112, -0.0105121024854, 3.11914918175
1615690396.85, 0.0104665367201, 1.06640188124, 0.414782878757, 0.0, 3.12113299125
1615690396.87, 0.00190534626611, 1.06623714121, 0.421333430809, 0.0, 3.12235237353
1615690396.89, -0.00648867501505, 1.06608724428, 0.424438478444, 0.0, 3.123736968
1615690396.91, -0.0148359744433, 1.06628499838, 0.41159407025, -0.0163561852702, 3.12556127781
1615690396.93, -0.0230125064088, 1.06616979177, 0.420992584921, 0.0, 3.12750367391
1615690396.95, -0.0316764115745, 1.06607437275, 0.422513783971, 0.0, 3.13057970276
1615690396.97, -0.0399520869789, 1.06565432303, 0.422513783971, 0.0159536174072, 3.12861990206
1615690396.99, -0.0484040126114, 1.06573168631, 0.418278138972, -0.0119616333011, 3.12215620254
1615690397.01, -0.0566434088483, 1.06526308378, 0.423534890114, 0.0115429750869, 3.11202759938
1615690397.03, -0.0651262589942, 1.06525030018, 0.417083244477, -0.0162880752845, 3.10105315886
1615690397.05, -0.0735030936469, 1.06483714025, 0.422118911956, 0.0, 3.09231086486
1615690397.07, -0.0818002636071, 1.06437833176, 0.418355317586, 0.0, 3.08635192616
1615690397.09, -0.0902799676983, 1.06386320737, 0.422215376124, 0.0, 3.08091929423
1615690397.11, -0.0987939518282, 1.0633128558, 0.418036575405, 0.0, 3.0770415639
1615690397.13, -0.107123486435, 1.06274955011, 0.421133402267, 0.0, 3.0740679597
1615690397.15, -0.115215168886, 1.06218332327, 0.416359305307, 0.0, 3.07173013194
1615690397.17, -0.123600851022, 1.06157641901, 0.422957663526, 0.0, 3.06934475406
1615690397.19, -0.132205903362, 1.06093576946, 0.417782664307, 0.0, 3.06727935776
1615690397.21, -0.140269780217, 1.06032289017, 0.419043530577, 0.0, 3.06573543536
1615690397.23, -0.148942827933, 1.05965293716, 0.422587313354, 0.0, 3.06450034604
1615690397.25, -0.157263496013, 1.0590000892, 0.414451781463, 0.0, 3.06329206454
1615690397.27, -0.165389927997, 1.0583624812, 0.42011107914, 0.0, 3.06329206454
1615690397.29, -0.173966240826, 1.0576895751, 0.422360023349, 0.0, 3.06329206454
1615690397.31, -0.18227024332, 1.05703803474, 0.417332271119, 0.0, 3.06329206454
1615690397.33, -0.190366742802, 1.05640277528, 0.422221299866, 0.0, 3.06329206454
1615690397.35, -0.199019420296, 1.05572387753, 0.422221299866, 0.0, 3.06329206454
1615690397.37, -0.207229429576, 1.05507971197, 0.415022844458, 0.0, 3.06329206454
1615690397.39, -0.215567874469, 1.05415088563, 0.423855686345, 0.0138365677119, 3.06329206454
1615690397.41, -0.224248083722, 1.05346095312, 0.428499042314, 0.0, 3.06227600799
1615690397.43, -0.232663601099, 1.05275636117, 0.420858780126, 0.0, 3.05806214316
1615690397.45, -0.241094070263, 1.05197648188, 0.427492260468, 0.0, 3.0493479634
1615690397.47, -0.24885984882, 1.05117170616, 0.432256684551, 0.0, 3.03833021843
1615690397.49, -0.257083401058, 1.05049843722, 0.423281703171, -0.0171381366801, 3.01943740427
1615690397.51, -0.266742409768, 1.04902581185, 0.432521327332, 0.0, 2.99029640489
1615690397.53, -0.27516508854, 1.04747401434, 0.429594762706, 0.0, 2.95939547314
1615690397.55, -0.282398556327, 1.04590004329, 0.427188031623, 0.0, 2.92733686384
1615690397.57, -0.29139822807, 1.04351409168, 0.427188031623, 0.0, 2.8824390938
1615690397.59, -0.298828223353, 1.04145899059, 0.42321623442, -0.0118904251922, 2.84365599629
1615690397.61, -0.306784901438, 1.03861838721, 0.422724504704, 0.0, 2.79868768979
1615690397.63, -0.314430280123, 1.03547563779, 0.415904208248, 0.0, 2.75158382129
1615690397.65, -0.322937262474, 1.0314323817, 0.414147562167, 0.0, 2.69791037197
1615690397.67, -0.329233214866, 1.02812875917, 0.409920959356, 0.0, 2.65836388369
1615690397.69, -0.336213760431, 1.0240529902, 0.40550492954, 0.0, 2.61311384216
1615690397.71, -0.343004570431, 1.01964787105, 0.406671907356, 0.0, 2.56614007884
1615690397.73, -0.349549982247, 1.01494623245, 0.404165593792, 0.0, 2.51868311922
1615690397.75, -0.355766565033, 1.01000243816, 0.397672700283, 0.0, 2.46974917122
1615690397.77, -0.361744465308, 1.00474604936, 0.396248866709, 0.0, 2.42033045016
1615690397.79, -0.367475214417, 0.999221272607, 0.39420352366, 0.0, 2.37449211316
1615690397.81, -0.373608398694, 0.992727162602, 0.388760092288, 0.0, 2.32761928816
1615690397.83, -0.378431941863, 0.98726363424, 0.388760092288, 0.0, 2.29406199348
1615690397.85, -0.38349079643, 0.981173071243, 0.386162667436, 0.0, 2.2639225188
1615690397.87, -0.388207572855, 0.975238706913, 0.383438567744, 0.0, 2.24237332017
1615690397.89, -0.392856109501, 0.969197820528, 0.383438567744, 0.0, 2.22666882959
1615690397.91, -0.397455021119, 0.963079922838, 0.38692270801, 0.0, 2.21539373084
1615690397.93, -0.402074152566, 0.956825926884, 0.38692270801, 0.0, 2.20695418532
1615690397.95, -0.405982212561, 0.951482234013, 0.379824200941, 0.0, 2.20224813149
1615690397.97, -0.410988617739, 0.944582691976, 0.387356028323, 0.0, 2.19850694353
1615690397.99, -0.415583882563, 0.938219811696, 0.385268037653, 0.0, 2.19626600681
1615690398.01, -0.420132398941, 0.931900219857, 0.386339462319, 0.0, 2.19465368681
1615690398.03, -0.424662154206, 0.925588310627, 0.393431424593, 0.0, 2.19327139548
1615690398.05, -0.42903337921, 0.919458389901, 0.374758481844, 0.0, 2.19025791588
1615690398.07, -0.433822389137, 0.913223932048, 0.391102672549, -0.015013138517, 2.18744586888
1615690398.09, -0.438294396437, 0.906893742038, 0.386768907127, 0.0, 2.18584274232
1615690398.11, -0.442680696805, 0.900671780075, 0.38360527341, 0.0, 2.18485049187
1615690398.13, -0.447063353672, 0.894454986415, 0.387034416248, 0.0, 2.18485049187
1615690398.15, -0.451025979553, 0.888823493525, 0.391398792776, 0.0, 2.18397083457
1615690398.17, -0.455909876852, 0.881862950639, 0.381045297769, 0.0, 2.18263193307
1615690398.19, -0.460379460846, 0.875468469304, 0.390574412378, 0.0, 2.18083418784
1615690398.21, -0.464644369681, 0.868977239098, 0.38775689657, 0.0106806436548, 2.1796328157
1615690398.23, -0.469023832683, 0.862679607846, 0.385207566128, 0.0, 2.17843802388
1615690398.25, -0.473444347381, 0.856322944599, 0.388823046212, 0.0, 2.17843802388
1615690398.27, -0.477872642228, 0.849955093563, 0.388823046212, 0.0, 2.17843802388
1615690398.29, -0.482434548261, 0.843395110754, 0.389924332701, 0.0, 2.17843802388
1615690398.31, -0.486713902995, 0.836812846418, 0.395664148675, 0.0123377131497, 2.17843802388
1615690398.33, -0.491123715824, 0.830471572369, 0.39325406709, 0.0, 2.17843802388
1615690398.35, -0.495206559081, 0.823828394627, 0.39325406709, 0.0217202427906, 2.17705216101
1615690398.37, -0.499670925409, 0.817359507539, 0.395600234142, 0.0, 2.17486666616
1615690398.39, -0.503962039028, 0.810438820853, 0.399355485071, 0.0170745623413, 2.16855137282
1615690398.41, -0.508332050302, 0.803847649121, 0.392567975567, 0.0, 2.15626296003
1615690398.43, -0.512333466254, 0.797013143501, 0.39817956257, 0.0153399728293, 2.13897166653
1615690398.45, -0.516722154114, 0.790366296831, 0.395478883987, -0.014766322299, 2.11703421317
1615690398.47, -0.520626520779, 0.783516400351, 0.391740405259, 0.0, 2.08885666517
1615690398.49, -0.524655743229, 0.776872808823, 0.390547888521, -0.0234916817125, 2.05589059901
1615690398.51, -0.528355909905, 0.769925632582, 0.390157407958, -0.0160799586385, 2.01900310967
1615690398.53, -0.531788754863, 0.76316701062, 0.383255693569, -0.0241823843653, 1.97774678764
1615690398.55, -0.534844722296, 0.756217140075, 0.384367048798, -0.0204967243762, 1.93178956474
1615690398.57, -0.537745324885, 0.749111284547, 0.379913082953, -0.0288962142112, 1.88243679904
1615690398.59, -0.540027608432, 0.741837028981, 0.379992801412, -0.0153194247945, 1.83452459093
1615690398.61, -0.542203998942, 0.734601481808, 0.378967896367, -0.0271083069794, 1.79156873357
1615690398.63, -0.543858459484, 0.727194223293, 0.378099106399, -0.0133478163106, 1.75525829461
1615690398.65, -0.545389192898, 0.719885804345, 0.379720840722, -0.0193333804291, 1.72638894256
1615690398.67, -0.546402340767, 0.712295925198, 0.378002812068, 0.0, 1.70349853708
1615690398.69, -0.547278477477, 0.70479824838, 0.378002812068, 0.0, 1.68712318628
1615690398.71, -0.547811597307, 0.697495715942, 0.381075895333, 0.012171460002, 1.67560070228
1615690398.73, -0.548560620857, 0.689678746668, 0.380962994942, 0.0, 1.66632487253
1615690398.75, -0.548974161524, 0.681959408663, 0.386824229719, 0.0141701067822, 1.66093273115
1615690398.77, -0.549541086952, 0.675326980619, 0.383046292954, 0.0, 1.65606686539
1615690398.81, -0.549800697141, 0.666703251388, 0.385246922406, 0.0196360285673, 1.65181731646
1615690398.81, -0.550404880936, 0.658994757533, 0.386340014212, 0.0, 1.6490153832
1615690398.83, -0.550987282252, 0.651370496918, 0.386340014212, 0.0, 1.6470361752
1615690398.85, -0.551553656337, 0.643712864032, 0.381978919587, 0.0, 1.64462393232
1615690398.87, -0.552095891149, 0.636241824187, 0.380951769771, 0.0, 1.6432475156
1615690398.89, -0.552890118791, 0.628383544262, 0.387643733298, -0.0116749364832, 1.64141457983
1615690398.91, -0.553395176929, 0.621039622566, 0.376708397118, 0.0, 1.63946047733
1615690398.93, -0.554161658558, 0.613361812797, 0.388033190006, -0.0128959071167, 1.63707561437
1615690398.95, -0.554664275735, 0.605576465935, 0.388056523541, 0.0, 1.63526623907
1615690398.97, -0.555412404934, 0.597792091602, 0.38127869423, -0.0128147338958, 1.63301135006
1615690398.99, -0.555865567977, 0.590404148141, 0.388102953854, 0.0, 1.63205775921
1615690399.01, -0.556340962492, 0.582494560971, 0.386508355472, 0.0, 1.63082769099
1615690399.03, -0.556798106396, 0.574888626442, 0.382648330686, 0.0, 1.63082769099
1615690399.05, -0.557512750818, 0.567238184982, 0.384495104615, -0.0127354912887, 1.63082769099
1615690399.07, -0.557980118973, 0.559328628636, 0.391879482944, 0.0, 1.62981674849
1615690399.09, -0.558771585573, 0.551724525714, 0.381096373999, -0.0170426543909, 1.62981674849
1615690399.11, -0.559209453177, 0.544314225189, 0.389975647748, 0.0, 1.62981674849
1615690399.13, -0.559680482537, 0.536342708042, 0.387492309242, 0.0, 1.62981674849
1615690399.15, -0.560138945452, 0.528583860508, 0.387492309242, 0.0, 1.62981674849
1615690399.17, -0.560595005147, 0.520865684137, 0.387492309242, 0.0, 1.62981674849
1615690399.19, -0.561044775367, 0.513253948381, 0.388933576192, 0.0, 1.62981674849
1615690399.21, -0.562105593705, 0.505294371624, 0.387718407954, -0.0285387922112, 1.62981674849
1615690399.23, -0.562573308918, 0.497378941816, 0.400486802052, 0.0, 1.62981674849
1615690399.25, -0.563016894654, 0.48971907199, 0.391904740823, 0.0, 1.62864206969
1615690399.27, -0.563480399248, 0.481566980058, 0.388911818217, 0.0, 1.62759231269
1615690399.29, -0.563912293542, 0.473970848262, 0.397453548768, 0.0, 1.62759231269
1615690399.31, -0.564350239248, 0.466100578243, 0.391597157217, 0.0, 1.62638457479
1615690399.33, -0.564766125929, 0.458493338939, 0.391597157217, 0.0, 1.62541181504
1615690399.35, -0.565159952432, 0.450411606567, 0.396127900249, 0.0, 1.61948826489
1615690399.37, -0.56546031915, 0.442434864372, 0.397155359795, 0.0, 1.60843385669
1615690399.39, -0.56584425701, 0.434503554932, 0.391486970187, -0.011824760966, 1.58897088965
1615690399.41, -0.565792569961, 0.426735412962, 0.400490071339, 0.0, 1.56414270405
1615690399.43, -0.565917223312, 0.418923027829, 0.386675776076, -0.0216364970997, 1.5308539854
1615690399.45, -0.565603504096, 0.410872636368, 0.400923559663, -0.0153795796098, 1.49350501986
1615690399.47, -0.56507637319, 0.403064911411, 0.391332599858, -0.0188101369482, 1.45535469323
1615690399.49, -0.564386654831, 0.39641534429, 0.389397738479, -0.0188776718592, 1.41900089507
1615690399.51, -0.563233137119, 0.387894510098, 0.388074623632, -0.0266329006767, 1.36771734379
1615690399.53, -0.56223738147, 0.381030011153, 0.385587222461, -0.0391792161143, 1.32548068103
1615690399.55, -0.560387542404, 0.373547287513, 0.381311308145, -0.0183888338768, 1.28025294407
1615690399.57, -0.558338556364, 0.365271105778, 0.37972041873, -0.0360158064722, 1.23353481459
1615690399.59, -0.556058784258, 0.35801243185, 0.380961944485, -0.0257209880829, 1.1990631235
1615690399.61, -0.55370319914, 0.350839861147, 0.374325916128, -0.0310481796988, 1.17072330367
1615690399.63, -0.550960964644, 0.343862243659, 0.376313348436, -0.0175141800275, 1.14982721482
1615690399.65, -0.548731854421, 0.336778371393, 0.365944627218, -0.0479134065844, 1.13574194572
1615690399.67, -0.545659548166, 0.329785142037, 0.381107204401, -0.0122492523301, 1.12472425387
1615690399.69, -0.542824947574, 0.323107922067, 0.369730691222, -0.0196268011299, 1.11629967366
1615690399.71, -0.539750659877, 0.316090472025, 0.380956462744, -0.0177699293925, 1.11127744591
1615690399.73, -0.536715780874, 0.309192846462, 0.37789317912, -0.0183825442067, 1.10769221221
1615690399.75, -0.534051818917, 0.303155253158, 0.377941264792, -0.0189824609194, 1.10507637886
1615690399.77, -0.530947768533, 0.294976262721, 0.37990820951, -0.0392682548037, 1.10507637886
1615690399.79, -0.5279960636, 0.28831521023, 0.37990820951, -0.0184760685638, 1.10507637886
1615690399.81, -0.525005777455, 0.281234899375, 0.381256337425, -0.0256252353912, 1.10407068161
1615690399.83, -0.522064299859, 0.274287162468, 0.374848527033, -0.0252424159599, 1.10306658176
1615690399.85, -0.519152892174, 0.267278213866, 0.38188810397, -0.0296934739995, 1.09950005906
1615690399.87, -0.516255220799, 0.26023341359, 0.379779735601, -0.0333016004346, 1.09310616882
1615690399.89, -0.513266093745, 0.253040310026, 0.385415519802, -0.0367692594634, 1.08183942242
1615690399.91, -0.510308867986, 0.24591484346, 0.383006566016, -0.0429923112213, 1.06562572613
1615690399.93, -0.507269535714, 0.238688086422, 0.386811731837, -0.050086595301, 1.04391759977
1615690399.95, -0.504061186971, 0.231546896308, 0.385917567555, -0.051073149537, 1.01696906747
1615690399.97, -0.50080252483, 0.224863304901, 0.387510928515, -0.051205143403, 0.98577144259
1615690399.99, -0.497256621176, 0.217674238956, 0.382940415546, -0.0644927785736, 0.94572588111
1615690400.01, -0.493314773056, 0.210660108381, 0.392550795925, -0.0611715305147, 0.90420930366
1615690400.03, -0.489803388365, 0.204911133908, 0.387410816366, -0.0605503303716, 0.86744417642
1615690400.05, -0.485112684118, 0.197655295122, 0.387299345957, -0.0703661145704, 0.81718084505
1615690400.07, -0.480397044091, 0.191241662455, 0.390594664972, -0.0656219413762, 0.77034979526
1615690400.09, -0.475705998394, 0.1849858787, 0.389611004691, -0.0797310171309, 0.72552065414
1615690400.11, -0.470365229431, 0.179038413037, 0.389938326329, -0.061528265264, 0.68259300734
1615690400.13, -0.465222731875, 0.173068370592, 0.389837563499, -0.0843517983121, 0.64663867984
1615690400.15, -0.460213812434, 0.167925724833, 0.387323124374, -0.0701234986135, 0.61946396001
1615690400.17, -0.453823509956, 0.161715402754, 0.393393638844, -0.0710264663639, 0.59249191656
1615690400.19, -0.448437264719, 0.156970349494, 0.399625991598, -0.0592913244457, 0.57490168962
1615690400.21, -0.442738648666, 0.151917572524, 0.380639582868, -0.0631141066975, 0.56108428392
1615690400.23, -0.435811044685, 0.146281851744, 0.397042883492, -0.0531167387432, 0.54993738042
1615690400.25, -0.430592400204, 0.141702460348, 0.388396546523, -0.069049288681, 0.54430536154
1615690400.27, -0.423310329244, 0.136205640079, 0.392879091625, -0.0418867786434, 0.5403797161
1615690400.29, -0.417501596089, 0.131476703939, 0.390354612205, -0.0571501161469, 0.53791153792
1615690400.31, -0.411333055836, 0.126719051545, 0.392634421922, -0.0478355214728, 0.53574508308
1615690400.33, -0.404948954106, 0.121838556081, 0.38816538957, -0.0460921785078, 0.53451161028
1615690400.35, -0.398728601132, 0.117127374275, 0.394152039689, -0.0455578169707, 0.53313497663
1615690400.37, -0.392514813285, 0.112437183811, 0.39028809958, -0.0450110829455, 0.53174786209
1615690400.39, -0.386108555787, 0.107905742684, 0.392167617811, -0.0333706030564, 0.53075101019
1615690400.41, -0.379618455954, 0.1030829532, 0.394356457273, -0.043372192569, 0.52952815175
1615690400.43, -0.373078373844, 0.0984126674803, 0.396757389998, -0.0365289384711, 0.52831795331
1615690400.45, -0.367552779228, 0.0943249436295, 0.39296628292, -0.0442315371537, 0.52484176291
1615690400.47, -0.360326415795, 0.089304049837, 0.403344295802, -0.0371906881825, 0.51528320907
1615690400.49, -0.353709182327, 0.0844147256037, 0.398968389569, -0.0544214532001, 0.50077581528
1615690400.51, -0.347185247076, 0.0798935864343, 0.402905551897, -0.0505409257623, 0.48122859128
1615690400.53, -0.341202079483, 0.0757670699552, 0.39899920516, -0.0588794537866, 0.45726083684
1615690400.55, -0.334437835758, 0.0712237434275, 0.400911013882, -0.0674439388129, 0.42479095814
1615690400.57, -0.327558802952, 0.0669508945547, 0.400016051959, -0.0674148710312, 0.38885793974
1615690400.59, -0.320532007695, 0.0629036843324, 0.399962737517, -0.0700753509639, 0.34911728552
1615690400.61, -0.313432404073, 0.0590809255185, 0.400143056619, -0.0757057547945, 0.30694339628
1615690400.63, -0.305945321858, 0.0554186833868, 0.403474352853, -0.0784260786237, 0.26294018619
1615690400.65, -0.298655632052, 0.052041514078, 0.397639529599, -0.08615021396, 0.22048614644
1615690400.67, -0.290974476845, 0.0490665834066, 0.405037392814, -0.076883996647, 0.18192483522
1615690400.69, -0.282421070608, 0.0460339966455, 0.409708894807, -0.0809573891011, 0.1456358254
1615690400.71, -0.275347009887, 0.0439625511055, 0.404499338777, -0.0672505469126, 0.12010984008
1615690400.73, -0.266256352778, 0.0412996445181, 0.408070472139, -0.0783508892333, 0.0952612528696
1615690400.75, -0.258242065175, 0.0394688457605, 0.411306134492, -0.0596258131209, 0.0806239352096
1615690400.77, -0.250557158347, 0.0374167266869, 0.404194464051, -0.0777272291263, 0.0709614262096
1615690400.79, -0.242282342111, 0.0355121750149, 0.406373916102, -0.0660984296124, 0.0649804888296
1615690400.81, -0.234339980144, 0.0334405543858, 0.408352804284, -0.079942275528, 0.0618243227496
1615690400.83, -0.22618489561, 0.0316740622396, 0.40446501872, -0.062674978316, 0.0595817598996
1615690400.85, -0.218160261696, 0.0296456269109, 0.410190913924, -0.078799125735, 0.0577983054996
1615690400.87, -0.2100310771, 0.0279913878858, 0.411601640851, -0.059747287243, 0.0566015538996
1615690400.88, -0.203021040851, 0.0262207874553, 0.411735500544, -0.0804857904839, 0.0543611225896
1615690400.91, -0.19364767227, 0.0244951674075, 0.417191840596, -0.0564489813167, 0.0475694117896
1615690400.92, -0.186446016793, 0.0227934338574, 0.416478125119, -0.081927447003, 0.0378064378696
1615690400.95, -0.177282555122, 0.0209873347064, 0.415458403697, -0.0739078244227, 0.0185506304296
1615690400.96, -0.169839893751, 0.0194328414617, 0.416974850972, -0.087946952825, 6.28121784921
1615690400.98, -0.161392130272, 0.0180377002632, 0.421781961441, -0.0823144194181, 6.25412098753
1615690401.01, -0.152093283807, 0.016508967165, 0.418072107783, -0.0965350735767, 6.21920000674
1615690401.03, -0.143538670496, 0.0154396032018, 0.421555843058, -0.0962319532651, 6.18311223941
1615690401.05, -0.134886566433, 0.0146647831307, 0.425044527139, -0.0975687563433, 6.14685937367
1615690401.06, -0.127055036777, 0.0142977125149, 0.424377980763, -0.092004643792, 6.11652703751
1615690401.09, -0.117407136507, 0.0144549886349, 0.421113488738, -0.0780453385031, 6.08363347111
1615690401.1, -0.109856943849, 0.0143127525479, 0.417363975182, -0.101596942163, 6.06324063283
1615690401.12, -0.101648234878, 0.0157334799941, 0.416957823089, -0.0279391531664, 6.04490031231
1615690401.15, -0.0918943197738, 0.0158396000348, 0.431778653147, -0.107025658931, 6.02933155088
1615690401.16, -0.084273862859, 0.0168978910542, 0.429240215679, -0.0535189852563, 6.02114997892
1615690401.19, -0.0748067720585, 0.0172144505887, 0.422125085317, -0.101233873915, 6.0143854621
1615690401.21, -0.0658548025858, 0.018269613176, 0.430642639491, -0.0671926772941, 6.01107647922
1615690401.23, -0.0571602238958, 0.0186803524311, 0.430761710413, -0.099350432214, 6.0093043974
1615690401.25, -0.0489048544777, 0.020176782683, 0.426007719972, -0.0420052378833, 6.0055805494
1615690401.27, -0.0401700480523, 0.0206342558776, 0.426426655285, -0.102210446718, 5.9956071429
1615690401.28, -0.0324089657611, 0.021795738475, 0.431412171581, -0.0650419547883, 5.98499480523
1615690401.3, -0.0235571519875, 0.0225400767147, 0.428900840408, -0.101436958442, 5.96705668435
1615690401.32, -0.014789974273, 0.0236766988107, 0.435801187236, -0.0928961984232, 5.94424068205
1615690401.35, -0.0049347904998, 0.0246807454318, 0.43193264818, -0.118988810612, 5.91284314867
1615690401.37, 0.0038131826129, 0.026250558505, 0.440009076287, -0.100288915714, 5.88152992558
1615690401.39, 0.012674959451, 0.0277609346482, 0.436060367985, -0.118834079031, 5.84831350868
1615690401.41, 0.0214594954416, 0.0297349144209, 0.433650098229, -0.108815067194, 5.81629404893
1615690401.43, 0.0304444277221, 0.0320765086405, 0.43666201072, -0.106686273632, 5.78861486287
1615690401.45, 0.0390989766474, 0.0346627965338, 0.440385397761, -0.101796690474, 5.76563325482
1615690401.46, 0.0463993023725, 0.0368960218436, 0.433764626674, -0.104116539801, 5.75074414094
1615690401.49, 0.0557964347784, 0.0401805303419, 0.433933758746, -0.0925360331436, 5.73683388046
1615690401.51, 0.0639434445887, 0.0430214229259, 0.422673691008, -0.0943396511973, 5.72806777322
1615690401.52, 0.0712118517038, 0.045493844364, 0.423140103579, -0.10004877248, 5.72312380146
1615690401.55, 0.0802042439709, 0.048933516829, 0.417228060079, -0.0843476664117, 5.71837400991
1615690401.57, 0.0880473561583, 0.0518131143628, 0.413590797196, -0.0905372808471, 5.71580860213
1615690401.59, 0.0958376331769, 0.054920018488, 0.410841046143, -0.0789678391068, 5.71380388333
1615690401.61, 0.103636641604, 0.0578171079269, 0.409165353155, -0.0893946954578, 5.71241334754
1615690401.63, 0.111265836877, 0.0608419396202, 0.409253300591, -0.0805282354284, 5.71142953709
1615690401.65, 0.11907145513, 0.0639790718354, 0.40274952276, -0.0780633500288, 5.70958400564
1615690401.67, 0.126246290788, 0.0666498155134, 0.388881254854, -0.0858410839858, 5.70958400564
1615690401.68, 0.132640153321, 0.0692417292369, 0.374241827621, -0.0718018261971, 5.70849770384
1615690401.71, 0.140366970389, 0.0715733984831, 0.350721667673, -0.101464672388, 5.70849770384
1615690401.72, 0.145857194797, 0.0735953502068, 0.321939032682, -0.0726071348426, 5.70849770384
1615690401.75, 0.152462516262, 0.0750958332737, 0.289929601229, -0.106265019205, 5.70849770384
1615690401.76, 0.157202391369, 0.0764406403277, 0.264711802304, -0.0817329073014, 5.70725281551
1615690401.78, 0.162455766371, 0.0773842154058, 0.243396075997, -0.102741707608, 5.70604064301
1615690401.8, 0.167048009169, 0.0783562284093, 0.218392109886, -0.0843444546719, 5.70604064301
1615690401.82, 0.171336349536, 0.0788869326342, 0.195349548124, -0.0955743599595, 5.70504718856
1615690401.85, 0.175622512322, 0.0793762760489, 0.170514911218, -0.0856723948226, 5.70391684611
1615690401.87, 0.179186486725, 0.0794727608538, 0.151890279317, -0.0935857034145, 5.70391684611
1615690401.89, 0.18237945304, 0.0794768183167, 0.13496999555, -0.0880423360928, 5.70391684611
1615690401.91, 0.185371504085, 0.0792546216623, 0.11835768087, -0.0906116622584, 5.70391684611
1615690401.92, 0.187714321318, 0.0789624304434, 0.104223451102, -0.0883839699148, 5.70391684611
1615690401.95, 0.190493335832, 0.0783396071788, 0.0876447262107, -0.0901957997085, 5.70391684611
1615690401.97, 0.192725362096, 0.0776321898222, 0.0736271810695, -0.0901957997085, 5.70391684611
1615690401.99, 0.194745599704, 0.0767899112545, 0.061246625943, -0.0901957997085, 5.70391684611
1615690402.0, 0.196333462859, 0.0759559206697, 0.0502036538509, -0.0901957997085, 5.70391684611
1615690402.03, 0.198150399835, 0.0747522945938, 0.0388219879273, -0.0901957997085, 5.70391684611
1615690402.05, 0.199658586628, 0.0736012561546, 0.0318686678798, -0.0901957997085, 5.70391684611
1615690402.07, 0.201073156642, 0.0723716357951, 0.0255422856171, -0.0901957997085, 5.70391684611
1615690402.09, 0.202455630877, 0.0711373122966, 0.0242534877377, -0.0901957997085, 5.70391684611
1615690402.11, 0.20382481165, 0.0698693677514, 0.0225030567033, -0.0901957997085, 5.70391684611
1615690402.12, 0.205161648072, 0.0686313760404, 0.0225030567033, -0.0901957997085, 5.70391684611
1615690402.14, 0.206541509768, 0.0673906925498, 0.0239158380343, -0.0901957997085, 5.70391684611
1615690402.17, 0.208031465017, 0.0661318705182, 0.0273415390338, -0.0916171321761, 5.70391684611
1615690402.19, 0.209569395733, 0.0649375007898, 0.0315054492667, -0.0916171321761, 5.70391684611
1615690402.2, 0.211095272316, 0.0637933736528, 0.0332503300138, -0.0916171321761, 5.70391684611
1615690402.22, 0.212661429153, 0.0626436207554, 0.0343036166071, -0.0916171321761, 5.70391684611
1615690402.24, 0.214253346515, 0.0614993381948, 0.0353548433477, -0.0916171321761, 5.70391684611
1615690402.26, 0.215853723916, 0.060348974492, 0.0353548433477, -0.0916171321761, 5.70391684611
1615690402.28, 0.217477693879, 0.0592320009375, 0.0375562471021, -0.0916171321761, 5.70391684611
1615690402.3, 0.219152237082, 0.0581235993998, 0.0394741588458, -0.0916171321761, 5.70391684611
1615690402.32, 0.220865792509, 0.057035484735, 0.0420440819119, -0.0927086796056, 5.70391684611
1615690402.34, 0.222585945988, 0.0559754042544, 0.0435583014358, -0.0927086796056, 5.70391684611
1615690402.36, 0.224355102906, 0.0548851243823, 0.0435583014358, -0.0927086796056, 5.70391684611
1615690402.38, 0.226078915564, 0.0538227888571, 0.0435583014358, -0.0927086796056, 5.70391684611
1615690402.4, 0.227821460557, 0.0527489091389, 0.0435583014358, -0.0927086796056, 5.70391684611
1615690402.42, 0.229560970042, 0.0516769001158, 0.0435583014358, -0.0927086796056, 5.70391684611
1615690402.44, 0.231291331758, 0.0506105285969, 0.0435583014358, -0.0927086796056, 5.70391684611
1615690402.46, 0.233033356939, 0.0495369692239, 0.0435583014358, -0.0927086796056, 5.70391684611
1615690402.48, 0.234759883529, 0.0484511324543, 0.0425314949414, -0.0927086796056, 5.70391684611
1615690402.5, 0.23649320349, 0.0473610232381, 0.0425314949414, -0.0927086796056, 5.70391684611
1615690402.52, 0.238187914709, 0.0462703283285, 0.0413648827314, -0.0927086796056, 5.70391684611
1615690402.54, 0.239891052121, 0.0451742104259, 0.0413648827314, -0.0927086796056, 5.70391684611
1615690402.56, 0.241576890373, 0.0440626564539, 0.0401408817287, -0.0927086796056, 5.70391684611
1615690402.58, 0.243250924756, 0.0429588853383, 0.0401408817287, -0.0927086796056, 5.70391684611
1615690402.6, 0.24492309669, 0.0418292268729, 0.0389118145601, -0.0927086796056, 5.70391684611
1615690402.62, 0.246594374834, 0.0407001722192, 0.0389118145601, -0.0927086796056, 5.70391684611
1615690402.64, 0.248231377163, 0.0395695363265, 0.0377931551591, -0.0927086796056, 5.70391684611
1615690402.66, 0.249876628449, 0.0384332030887, 0.0377931551591, -0.0927086796056, 5.70391684611
1615690402.68, 0.251504007022, 0.0373092140796, 0.0377931551591, -0.0927086796056, 5.70391684611
1615690402.7, 0.253169428943, 0.0361589494973, 0.0377931551591, -0.0927086796056, 5.70391684611
1615690402.72, 0.254813442836, 0.0350234708955, 0.0377931551591, -0.0927086796056, 5.70391684611
1615690402.74, 0.25646189556, 0.0338849265057, 0.0377931551591, -0.0927086796056, 5.70391684611
1615690402.76, 0.258096992744, 0.0327556064485, 0.0377931551591, -0.0927086796056, 5.70391684611
1615690402.78, 0.25974100672, 0.0316201277897, 0.0377931551591, -0.0927086796056, 5.70391684611
1615690402.8, 0.261395076521, 0.0304777038275, 0.0377931551591, -0.0927086796056, 5.70391684611
1615690402.82, 0.263044589692, 0.0293384270146, 0.0377931551591, -0.0927086796056, 5.70391684611
1615690402.84, 0.26468267232, 0.0282070449869, 0.0377931551591, -0.0927086796056, 5.70391684611
1615690402.86, 0.26633499407, 0.0270658283593, 0.0377931551591, -0.0927086796056, 5.70391684611
1615690402.88, 0.267945148077, 0.0259537359205, 0.0377931551591, -0.0927086796056, 5.70391684611
1615690402.9, 0.269610903873, 0.0248032407384, 0.0377931551591, -0.0927086796056, 5.70391684611
1615690402.92, 0.271245274405, 0.0236744225614, 0.0377931551591, -0.0927086796056, 5.70391684611
1615690402.94, 0.272899756671, 0.0225317137206, 0.0377931551591, -0.0927086796056, 5.70391684611
1615690402.96, 0.274526781679, 0.0214079689094, 0.0377931551591, -0.0927086796056, 5.70391684611
1615690402.98, 0.276183404773, 0.0202637814535, 0.0377931551591, -0.0927086796056, 5.70391684611
1615690403.0, 0.277844545039, 0.0191164741014, 0.0377931551591, -0.0927086796056, 5.70391684611
1615690403.02, 0.279467308163, 0.0179956728654, 0.0377931551591, -0.0927086796056, 5.70391684611
1615690403.04, 0.281107924312, 0.0168625409989, 0.0377931551591, -0.0927086796056, 5.70391684611
1615690403.06, 0.282762072702, 0.0157200627579, 0.0377931551591, -0.0927086796056, 5.70391684611
1615690403.08, 0.284411428779, 0.0145808944458, 0.0377931551591, -0.0927086796056, 5.70391684611
1615690403.1, 0.286051652152, 0.0134480338598, 0.0377931551591, -0.0927086796056, 5.70391684611
